68.9283 59.081398 567.0 390 180
68.320465 48.800327 562.0 390 190
77.9416 58.4562 561.0 400 180
68.320465 48.800327 562.0 390 190
77.108 48.192493 555.0 400 190
77.9416 58.4562 561.0 400 180
77.9416 58.4562 561.0 400 180
77.108 48.192493 555.0 400 190
87.684296 58.4562 561.0 410 180
77.108 48.192493 555.0 400 190
86.590195 48.10566 554.0 410 190
87.684296 58.4562 561.0 410 180
59.081398 39.387604 567.0 380 200
67.71263 38.692936 557.0 390 200
68.320465 48.800327 562.0 390 190
68.320465 48.800327 562.0 390 190
67.71263 38.692936 557.0 390 200
77.108 48.192493 555.0 400 190
67.71263 38.692936 557.0 390 200
76.6912 38.345604 552.0 400 200
77.108 48.192493 555.0 400 190
77.108 48.192493 555.0 400 190
76.6912 38.345604 552.0 400 200
86.590195 48.10566 554.0 410 190
76.6912 38.345604 552.0 400 200
85.965 38.20667 550.0 410 200
86.590195 48.10566 554.0 410 190
86.590195 48.10566 554.0 410 190
85.965 38.20667 550.0 410 200
96.906 48.452995 558.0 420 190
85.965 38.20667 550.0 410 200
96.211334 38.48454 554.0 420 200
96.906 48.452995 558.0 420 190
59.081398 39.387604 567.0 380 200
58.7688 29.3844 564.0 380 210
67.71263 38.692936 557.0 390 200
58.7688 29.3844 564.0 380 210
67.4695 28.915499 555.0 390 210
67.71263 38.692936 557.0 390 200
67.71263 38.692936 557.0 390 200
67.4695 28.915499 555.0 390 210
76.6912 38.345604 552.0 400 200
67.4695 28.915499 555.0 390 210
76.2744 28.6029 549.0 400 210
76.6912 38.345604 552.0 400 200
76.6912 38.345604 552.0 400 200
76.2744 28.6029 549.0 400 210
85.965 38.20667 550.0 410 200
76.2744 28.6029 549.0 400 210
85.6524 28.5508 548.0 410 210
85.965 38.20667 550.0 410 200
85.965 38.20667 550.0 410 200
85.6524 28.5508 548.0 410 210
96.211334 38.48454 554.0 420 200
85.6524 28.5508 548.0 410 210
95.69033 28.7071 551.0 420 210
96.211334 38.48454 554.0 420 200
96.211334 38.48454 554.0 420 200
95.69033 28.7071 551.0 420 210
107.1697 38.970802 561.0 430 200
95.69033 28.7071 551.0 420 210
106.596596 29.0718 558.0 430 210
107.1697 38.970802 561.0 430 200
58.7688 29.3844 564.0 380 210
58.5604 19.520128 562.0 380 220
67.4695 28.915499 555.0 390 210
58.5604 19.520128 562.0 380 220
66.98323 19.138062 551.0 390 220
67.4695 28.915499 555.0 390 210
67.4695 28.915499 555.0 390 210
66.98323 19.138062 551.0 390 220
76.2744 28.6029 549.0 400 210
66.98323 19.138062 551.0 390 220
75.99653 18.999128 547.0 400 220
76.2744 28.6029 549.0 400 210
76.2744 28.6029 549.0 400 210
75.99653 18.999128 547.0 400 220
85.6524 28.5508 548.0 410 210
75.99653 18.999128 547.0 400 220
85.1835 18.929663 545.0 410 220
85.6524 28.5508 548.0 410 210
85.6524 28.5508 548.0 410 210
85.1835 18.929663 545.0 410 220
95.69033 28.7071 551.0 420 210
85.1835 18.929663 545.0 410 220
95.51666 19.103329 550.0 420 220
95.69033 28.7071 551.0 420 210
95.69033 28.7071 551.0 420 210
95.51666 19.103329 550.0 420 220
106.596596 29.0718 558.0 430 210
95.51666 19.103329 550.0 420 220
106.0235 19.276995 555.0 430 220
106.596596 29.0718 558.0 430 210
58.5604 19.520128 562.0 380 220
58.0394 9.673238 557.0 380 230
66.98323 19.138062 551.0 390 220
58.0394 9.673238 557.0 380 230
66.7401 9.534305 549.0 390 230
66.98323 19.138062 551.0 390 220
66.98323 19.138062 551.0 390 220
66.7401 9.534305 549.0 390 230
75.99653 18.999128 547.0 400 220
66.7401 9.534305 549.0 390 230
75.579735 9.447471 544.0 400 230
75.99653 18.999128 547.0 400 220
75.99653 18.999128 547.0 400 220
75.579735 9.447471 544.0 400 230
85.1835 18.929663 545.0 410 220
75.579735 9.447471 544.0 400 230
85.0272 9.447471 544.0 410 230
85.1835 18.929663 545.0 410 220
85.1835 18.929663 545.0 410 220
85.0272 9.447471 544.0 410 230
95.51666 19.103329 550.0 420 220
85.0272 9.447471 544.0 410 230
94.99567 9.499571 547.0 420 230
95.51666 19.103329 550.0 420 220
95.51666 19.103329 550.0 420 220
94.99567 9.499571 547.0 420 230
106.0235 19.276995 555.0 430 220
94.99567 9.499571 547.0 420 230
105.832466 9.621138 554.0 430 230
106.0235 19.276995 555.0 430 220
58.0394 9.673238 557.0 380 230
57.7268 0.0 554.0 380 240
66.7401 9.534305 549.0 390 230
57.7268 0.0 554.0 380 240
66.3754 0.0 546.0 390 240
66.7401 9.534305 549.0 390 230
66.7401 9.534305 549.0 390 230
66.3754 0.0 546.0 390 240
75.579735 9.447471 544.0 400 230
66.3754 0.0 546.0 390 240
75.301865 0.0 542.0 400 240
75.579735 9.447471 544.0 400 230
75.579735 9.447471 544.0 400 230
75.301865 0.0 542.0 400 240
85.0272 9.447471 544.0 410 230
75.301865 0.0 542.0 400 240
84.7146 0.0 542.0 410 240
85.0272 9.447471 544.0 410 230
85.0272 9.447471 544.0 410 230
84.7146 0.0 542.0 410 240
94.99567 9.499571 547.0 420 230
84.7146 0.0 542.0 410 240
94.99567 0.0 547.0 420 240
94.99567 9.499571 547.0 420 230
94.99567 9.499571 547.0 420 230
94.99567 0.0 547.0 420 240
105.832466 9.621138 554.0 430 230
94.99567 0.0 547.0 420 240
105.06833 0.0 550.0 430 240
105.832466 9.621138 554.0 430 230
57.7268 0.0 554.0 380 240
57.4142 -9.569024 551.0 380 250
66.3754 0.0 546.0 390 240
57.4142 -9.569024 551.0 380 250
66.25383 -9.464824 545.0 390 250
66.3754 0.0 546.0 390 240
66.3754 0.0 546.0 390 240
66.25383 -9.464824 545.0 390 250
75.301865 0.0 542.0 400 240
66.25383 -9.464824 545.0 390 250
74.88506 -9.360624 539.0 400 250
75.301865 0.0 542.0 400 240
75.301865 0.0 542.0 400 240
74.88506 -9.360624 539.0 400 250
84.7146 0.0 542.0 410 240
74.88506 -9.360624 539.0 400 250
84.402 -9.377991 540.0 410 250
84.7146 0.0 542.0 410 240
84.7146 0.0 542.0 410 240
84.402 -9.377991 540.0 410 250
94.99567 0.0 547.0 420 240
84.402 -9.377991 540.0 410 250
94.47466 -9.447457 544.0 420 250
94.99567 0.0 547.0 420 240
94.99567 0.0 547.0 420 240
94.47466 -9.447457 544.0 420 250
105.06833 0.0 550.0 430 240
94.47466 -9.447457 544.0 420 250
105.64143 -9.603757 553.0 430 250
105.06833 0.0 550.0 430 240
57.4142 -9.569024 551.0 380 250
57.1016 -19.033875 548.0 380 260
66.25383 -9.464824 545.0 390 250
57.1016 -19.033875 548.0 380 260
65.76756 -18.790743 541.0 390 260
66.25383 -9.464824 545.0 390 250
66.25383 -9.464824 545.0 390 250
65.76756 -18.790743 541.0 390 260
74.88506 -9.360624 539.0 400 250
65.76756 -18.790743 541.0 390 260
74.88506 -18.721275 539.0 400 260
74.88506 -9.360624 539.0 400 250
74.88506 -9.360624 539.0 400 250
74.88506 -18.721275 539.0 400 260
84.402 -9.377991 540.0 410 250
74.88506 -18.721275 539.0 400 260
83.7768 -18.617075 536.0 410 260
84.402 -9.377991 540.0 410 250
84.402 -9.377991 540.0 410 250
83.7768 -18.617075 536.0 410 260
94.47466 -9.447457 544.0 420 250
83.7768 -18.617075 536.0 410 260
94.127335 -18.825476 542.0 420 260
94.47466 -9.447457 544.0 420 250
94.47466 -9.447457 544.0 420 250
94.127335 -18.825476 542.0 420 260
105.64143 -9.603757 553.0 430 250
57.1016 -19.033875 548.0 380 260
56.6848 -28.3424 544.0 380 270
65.76756 -18.790743 541.0 390 260
56.6848 -28.3424 544.0 380 270
65.40286 -28.0298 538.0 390 270
65.76756 -18.790743 541.0 390 260
65.76756 -18.790743 541.0 390 260
65.40286 -28.0298 538.0 390 270
74.88506 -18.721275 539.0 400 260
65.40286 -28.0298 538.0 390 270
74.46826 -27.9256 536.0 400 270
74.88506 -18.721275 539.0 400 260
74.88506 -18.721275 539.0 400 260
74.46826 -27.9256 536.0 400 270
83.7768 -18.617075 536.0 410 260
74.46826 -27.9256 536.0 400 270
83.6205 -27.873499 535.0 410 270
83.7768 -18.617075 536.0 410 260
83.7768 -18.617075 536.0 410 260
83.6205 -27.873499 535.0 410 270
94.127335 -18.825476 542.0 420 260
101.05663 -27.5609 529.0 430 270
110.8688 -27.7172 532.0 440 270
112.3276 -18.721275 539.0 440 260
112.3276 -18.721275 539.0 440 260
110.8688 -27.7172 532.0 440 270
122.36553 -18.825476 542.0 450 260
110.8688 -27.7172 532.0 440 270
122.36553 -28.2382 542.0 450 270
122.36553 -18.825476 542.0 450 260
56.6848 -28.3424 544.0 380 270
56.4764 -37.650925 542.0 380 280
65.40286 -28.0298 538.0 390 270
56.4764 -37.650925 542.0 380 280
65.15973 -37.234123 536.0 390 280
65.40286 -28.0298 538.0 390 270
65.40286 -28.0298 538.0 390 270
65.15973 -37.234123 536.0 390 280
74.46826 -27.9256 536.0 400 270
65.15973 -37.234123 536.0 390 280
73.91253 -36.956257 532.0 400 280
74.46826 -27.9256 536.0 400 270
74.46826 -27.9256 536.0 400 270
73.91253 -36.956257 532.0 400 280
83.6205 -27.873499 535.0 410 270
73.91253 -36.956257 532.0 400 280
83.151596 -36.956257 532.0 410 280
83.6205 -27.873499 535.0 410 270
91.52233 -36.608925 527.0 420 280
100.67457 -36.608925 527.0 430 280
101.05663 -27.5609 529.0 430 270
101.05663 -27.5609 529.0 430 270
100.67457 -36.608925 527.0 430 280
110.8688 -27.7172 532.0 440 270
100.67457 -36.608925 527.0 430 280
110.8688 -36.956257 532.0 440 280
110.8688 -27.7172 532.0 440 270
110.8688 -27.7172 532.0 440 270
110.8688 -36.956257 532.0 440 280
122.36553 -28.2382 542.0 450 270
110.8688 -36.956257 532.0 440 280
121.01093 -37.234123 536.0 450 280
122.36553 -28.2382 542.0 450 270
56.4764 -37.650925 542.0 380 280
56.267998 -46.890007 540.0 380 290
65.15973 -37.234123 536.0 390 280
56.267998 -46.890007 540.0 380 290
64.916595 -46.369007 534.0 390 290
65.15973 -37.234123 536.0 390 280
65.15973 -37.234123 536.0 390 280
64.916595 -46.369007 534.0 390 290
73.91253 -36.956257 532.0 400 280
64.916595 -46.369007 534.0 390 290
73.91253 -46.195343 532.0 400 290
73.91253 -36.956257 532.0 400 280
73.91253 -36.956257 532.0 400 280
73.91253 -46.195343 532.0 400 290
83.151596 -36.956257 532.0 410 280
73.91253 -46.195343 532.0 400 290
83.151596 -46.195343 532.0 410 290
83.151596 -36.956257 532.0 410 280
83.151596 -36.956257 532.0 410 280
83.151596 -46.195343 532.0 410 290
91.52233 -36.608925 527.0 420 280
110.8688 -36.956257 532.0 440 280
109.409996 -45.58751 525.0 440 290
121.01093 -37.234123 536.0 450 280
109.409996 -45.58751 525.0 440 290
119.656334 -46.021675 530.0 450 290
121.01093 -37.234123 536.0 450 280
390.05533 -97.51385 1123.0 520 290
404.4523 -96.29818 1109.0 530 290
405.9111 -77.31638 1113.0 530 280
405.9111 -77.31638 1113.0 530 280
404.4523 -96.29818 1109.0 530 290
429.06085 -78.01105 1123.0 540 280
404.4523 -96.29818 1109.0 530 290
425.2402 -96.645515 1113.0 540 290
429.06085 -78.01105 1123.0 540 280
56.267998 -46.890007 540.0 380 290
55.8512 -55.8512 536.0 380 300
64.916595 -46.369007 534.0 390 290
55.8512 -55.8512 536.0 380 300
64.67346 -55.4344 532.0 390 300
64.916595 -46.369007 534.0 390 290
64.916595 -46.369007 534.0 390 290
64.67346 -55.4344 532.0 390 300
73.91253 -46.195343 532.0 400 290
64.67346 -55.4344 532.0 390 300
73.3568 -55.017597 528.0 400 300
73.91253 -46.195343 532.0 400 290
73.91253 -46.195343 532.0 400 290
73.3568 -55.017597 528.0 400 300
83.151596 -46.195343 532.0 410 290
73.3568 -55.017597 528.0 400 300
82.839 -55.225998 530.0 410 300
83.151596 -46.195343 532.0 410 290
99.528366 -54.2882 521.0 430 300
109.2016 -54.6008 524.0 440 300
109.409996 -45.58751 525.0 440 290
109.409996 -45.58751 525.0 440 290
109.2016 -54.6008 524.0 440 300
119.656334 -46.021675 530.0 450 290
134.939 -57.830997 555.0 460 300
145.359 -58.1436 558.0 470 300
146.401 -48.800343 562.0 470 290
376.82193 -99.16368 1142.0 510 290
375.50204 -118.5796 1138.0 510 300
390.05533 -97.51385 1123.0 520 290
375.50204 -118.5796 1138.0 510 300
391.44467 -117.433395 1127.0 520 300
390.05533 -97.51385 1123.0 520 290
390.05533 -97.51385 1123.0 520 290
391.44467 -117.433395 1127.0 520 300
404.4523 -96.29818 1109.0 530 290
391.44467 -117.433395 1127.0 520 300
408.464 -116.703995 1120.0 530 300
404.4523 -96.29818 1109.0 530 290
404.4523 -96.29818 1109.0 530 290
408.464 -116.703995 1120.0 530 300
425.2402 -96.645515 1113.0 540 290
408.464 -116.703995 1120.0 530 300
426.38638 -116.2872 1116.0 540 300
425.2402 -96.645515 1113.0 540 290
55.8512 -55.8512 536.0 380 300
55.746998 -65.038155 535.0 380 310
64.67346 -55.4344 532.0 390 300
55.746998 -65.038155 535.0 380 310
64.1872 -64.18719 528.0 390 310
64.67346 -55.4344 532.0 390 300
64.67346 -55.4344 532.0 390 300
64.1872 -64.18719 528.0 390 310
73.3568 -55.017597 528.0 400 300
64.1872 -64.18719 528.0 390 310
73.217865 -64.06562 527.0 400 310
73.3568 -55.017597 528.0 400 300
73.3568 -55.017597 528.0 400 300
73.217865 -64.06562 527.0 400 310
82.839 -55.225998 530.0 410 300
73.217865 -64.06562 527.0 400 310
81.1197 -63.09309 519.0 410 310
82.839 -55.225998 530.0 410 300
82.839 -55.225998 530.0 410 300
81.1197 -63.09309 519.0 410 310
90.48033 -54.2882 521.0 420 300
81.1197 -63.09309 519.0 410 310
90.132996 -63.09309 519.0 420 310
90.48033 -54.2882 521.0 420 300
90.48033 -54.2882 521.0 420 300
90.132996 -63.09309 519.0 420 310
99.528366 -54.2882 521.0 430 300
134.939 -57.830997 555.0 460 300
129.83319 -64.91659 534.0 460 310
145.359 -58.1436 558.0 470 300
129.83319 -64.91659 534.0 460 310
141.9725 -66.25382 545.0 470 310
145.359 -58.1436 558.0 470 300
145.359 -58.1436 558.0 470 300
141.9725 -66.25382 545.0 470 310
155.32747 -58.2478 559.0 480 300
141.9725 -66.25382 545.0 470 310
154.216 -67.46949 555.0 480 310
155.32747 -58.2478 559.0 480 300
375.50204 -118.5796 1138.0 510 300
378.14178 -139.31538 1146.0 510 310
391.44467 -117.433395 1127.0 520 300
378.14178 -139.31538 1146.0 510 310
391.44467 -137.00562 1127.0 520 310
391.44467 -117.433395 1127.0 520 300
391.44467 -117.433395 1127.0 520 300
391.44467 -137.00562 1127.0 520 310
408.464 -116.703995 1120.0 530 300
391.44467 -137.00562 1127.0 520 310
409.5581 -136.51935 1123.0 530 310
408.464 -116.703995 1120.0 530 300
408.464 -116.703995 1120.0 530 300
409.5581 -136.51935 1123.0 530 310
426.38638 -116.2872 1116.0 540 300
409.5581 -136.51935 1123.0 530 310
426.38638 -135.66838 1116.0 540 310
426.38638 -116.2872 1116.0 540 300
426.38638 -116.2872 1116.0 540 300
426.38638 -135.66838 1116.0 540 310
450.16135 -117.433395 1127.0 550 300
47.063667 -75.30187 542.0 370 320
55.4344 -73.912544 532.0 380 320
55.746998 -65.038155 535.0 380 310
55.746998 -65.038155 535.0 380 310
55.4344 -73.912544 532.0 380 320
64.1872 -64.18719 528.0 390 310
55.4344 -73.912544 532.0 380 320
64.065636 -73.21787 527.0 390 320
64.1872 -64.18719 528.0 390 310
64.1872 -64.18719 528.0 390 310
64.065636 -73.21787 527.0 390 320
73.217865 -64.06562 527.0 400 310
64.065636 -73.21787 527.0 390 320
73.07893 -73.07894 526.0 400 320
73.217865 -64.06562 527.0 400 310
73.217865 -64.06562 527.0 400 310
73.07893 -73.07894 526.0 400 320
81.1197 -63.09309 519.0 410 310
73.07893 -73.07894 526.0 400 320
82.2138 -73.07894 526.0 410 320
81.1197 -63.09309 519.0 410 310
81.1197 -63.09309 519.0 410 310
82.2138 -73.07894 526.0 410 320
90.132996 -63.09309 519.0 420 310
119.656334 -73.634674 530.0 450 320
130.31946 -74.46828 536.0 460 320
129.83319 -64.91659 534.0 460 310
129.83319 -64.91659 534.0 460 310
130.31946 -74.46828 536.0 460 320
141.9725 -66.25382 545.0 470 310
391.44467 -137.00562 1127.0 520 310
395.26532 -158.10616 1138.0 520 320
409.5581 -136.51935 1123.0 530 310
395.26532 -158.10616 1138.0 520 320
411.0169 -156.57788 1127.0 530 320
409.5581 -136.51935 1123.0 530 310
409.5581 -136.51935 1123.0 530 310
411.0169 -156.57788 1127.0 530 320
426.38638 -135.66838 1116.0 540 310
411.0169 -156.57788 1127.0 530 320
429.06085 -156.02216 1123.0 540 320
426.38638 -135.66838 1116.0 540 310
55.4344 -73.912544 532.0 380 320
55.538597 -83.3079 533.0 380 330
64.065636 -73.21787 527.0 390 320
55.538597 -83.3079 533.0 380 330
64.065636 -82.3701 527.0 390 330
64.065636 -73.21787 527.0 390 320
64.065636 -73.21787 527.0 390 320
64.065636 -82.3701 527.0 390 330
73.07893 -73.07894 526.0 400 320
99.91043 -81.744896 523.0 430 330
109.2016 -81.9012 524.0 440 330
110.035194 -73.356804 528.0 440 320
110.035194 -73.356804 528.0 440 320
109.2016 -81.9012 524.0 440 330
119.656334 -73.634674 530.0 450 320
140.67 -84.402 540.0 470 330
150.88159 -84.870895 543.0 480 330
153.10454 -76.55228 551.0 480 320
395.26532 -158.10616 1138.0 520 320
398.044 -179.1198 1146.0 520 330
411.0169 -156.57788 1127.0 530 320
398.044 -179.1198 1146.0 520 330
415.0286 -177.8694 1138.0 530 330
411.0169 -156.57788 1127.0 530 320
411.0169 -156.57788 1127.0 530 320
415.0286 -177.8694 1138.0 530 330
429.06085 -156.02216 1123.0 540 320
415.0286 -177.8694 1138.0 530 330
432.1174 -176.7753 1131.0 540 330
429.06085 -156.02216 1123.0 540 320
429.06085 -156.02216 1123.0 540 320
432.1174 -176.7753 1131.0 540 330
456.15286 -158.66188 1142.0 550 320
432.1174 -176.7753 1131.0 540 330
459.34833 -179.745 1150.0 550 330
456.15286 -158.66188 1142.0 550 320
90.132996 -90.13299 519.0 420 340
99.33733 -90.306656 520.0 430 340
99.91043 -81.744896 523.0 430 330
99.91043 -81.744896 523.0 430 330
99.33733 -90.306656 520.0 430 340
109.2016 -81.9012 524.0 440 330
99.33733 -90.306656 520.0 430 340
111.7024 -93.08532 536.0 440 340
109.2016 -81.9012 524.0 440 330
120.559395 -92.73799 534.0 450 340
130.31946 -93.08532 536.0 460 340
130.31946 -83.7768 536.0 460 330
130.31946 -83.7768 536.0 460 330
130.31946 -93.08532 536.0 460 340
140.67 -84.402 540.0 470 330
432.1174 -176.7753 1131.0 540 330
430.5891 -195.7223 1127.0 540 340
459.34833 -179.745 1150.0 550 330
430.5891 -195.7223 1127.0 540 340
444.5693 -193.29099 1113.0 550 340
459.34833 -179.745 1150.0 550 330
111.7024 -93.08532 536.0 440 340
111.7024 -102.393875 536.0 440 350
120.559395 -92.73799 534.0 450 340
111.7024 -102.393875 536.0 440 350
121.01093 -102.393875 536.0 450 350
120.559395 -92.73799 534.0 450 340
120.559395 -92.73799 534.0 450 340
121.01093 -102.393875 536.0 450 350
130.31946 -93.08532 536.0 460 340
170.33226 -117.10344 613.0 480 350
182.15897 -117.86758 617.0 490 350
180.6828 -106.28399 612.0 490 340
180.6828 -106.28399 612.0 490 340
182.15897 -117.86758 617.0 490 350
194.7498 -108.19432 623.0 500 340
182.15897 -117.86758 617.0 490 350
196.0002 -119.77791 627.0 500 350
194.7498 -108.19432 623.0 500 340
120.9762 -241.9524 1161.0 380 360
138.34286 -237.1592 1138.0 390 360
137.00563 -215.29459 1127.0 390 350
137.00563 -215.29459 1127.0 390 350
138.34286 -237.1592 1138.0 390 360
157.5504 -216.63182 1134.0 400 350
138.34286 -237.1592 1138.0 390 360
157.13359 -235.7004 1131.0 400 360
157.5504 -216.63182 1134.0 400 350
191.90166 -230.282 1105.0 420 360
208.41736 -227.3644 1091.0 430 360
215.29456 -215.29459 1127.0 430 350
182.15897 -117.86758 617.0 490 350
184.52083 -130.25 625.0 490 360
196.0002 -119.77791 627.0 500 350
184.52083 -130.25 625.0 490 360
196.0002 -130.6668 627.0 500 360
196.0002 -119.77791 627.0 500 350
196.0002 -119.77791 627.0 500 350
196.0002 -130.6668 627.0 500 360
209.52882 -121.306175 635.0 510 350
196.0002 -130.6668 627.0 500 360
209.19887 -132.1256 634.0 510 360
209.52882 -121.306175 635.0 510 350
209.52882 -121.306175 635.0 510 350
209.19887 -132.1256 634.0 510 360
225.76666 -124.17168 650.0 520 350
209.19887 -132.1256 634.0 510 360
224.03 -134.418 645.0 520 360
225.76666 -124.17168 650.0 520 350
120.9762 -241.9524 1161.0 380 360
123.060196 -266.6304 1181.0 380 370
138.34286 -237.1592 1138.0 390 360
123.060196 -266.6304 1181.0 380 370
139.80167 -259.63165 1150.0 390 370
138.34286 -237.1592 1138.0 390 360
138.34286 -237.1592 1138.0 390 360
139.80167 -259.63165 1150.0 390 370
157.13359 -235.7004 1131.0 400 360
157.13359 -235.7004 1131.0 400 360
152.132 -247.21448 1095.0 400 370
171.6174 -228.8232 1098.0 410 360
152.132 -247.21448 1095.0 400 370
170.5233 -246.31142 1091.0 410 370
171.6174 -228.8232 1098.0 410 360
171.6174 -228.8232 1098.0 410 360
170.5233 -246.31142 1091.0 410 370
191.90166 -230.282 1105.0 420 360
170.5233 -246.31142 1091.0 410 370
187.73366 -244.05374 1081.0 420 370
191.90166 -230.282 1105.0 420 360
191.90166 -230.282 1105.0 420 360
187.73366 -244.05374 1081.0 420 370
208.41736 -227.3644 1091.0 430 360
187.73366 -244.05374 1081.0 420 370
205.93393 -243.37645 1078.0 430 370
208.41736 -227.3644 1091.0 430 360
208.41736 -227.3644 1091.0 430 360
205.93393 -243.37645 1078.0 430 370
222.5712 -222.5712 1068.0 440 360
205.93393 -243.37645 1078.0 430 370
217.1528 -235.24884 1042.0 440 370
222.5712 -222.5712 1068.0 440 360
222.5712 -222.5712 1068.0 440 360
217.1528 -235.24884 1042.0 440 370
231.6366 -213.81839 1026.0 450 360
217.1528 -235.24884 1042.0 440 370
228.25009 -228.25008 1011.0 450 370
231.6366 -213.81839 1026.0 450 360
231.6366 -213.81839 1026.0 450 360
228.25009 -228.25008 1011.0 450 370
244.59213 -209.65039 1006.0 460 360
228.25009 -228.25008 1011.0 450 370
239.00006 -221.92862 983.0 460 370
244.59213 -209.65039 1006.0 460 360
184.52083 -130.25 625.0 490 360
187.17793 -143.13605 634.0 490 370
196.0002 -130.6668 627.0 500 360
187.17793 -143.13605 634.0 490 370
197.5632 -142.68452 632.0 500 370
196.0002 -130.6668 627.0 500 360
196.0002 -130.6668 627.0 500 360
197.5632 -142.68452 632.0 500 370
209.19887 -132.1256 634.0 510 360
197.5632 -142.68452 632.0 500 370
209.8588 -143.58759 636.0 510 370
209.19887 -132.1256 634.0 510 360
209.19887 -132.1256 634.0 510 360
209.8588 -143.58759 636.0 510 370
224.03 -134.418 645.0 520 360
209.8588 -143.58759 636.0 510 370
224.03 -145.61949 645.0 520 370
224.03 -134.418 645.0 520 360
224.03 -134.418 645.0 520 360
224.03 -145.61949 645.0 520 370
239.6079 -136.9188 657.0 530 360
224.03 -145.61949 645.0 520 370
238.8785 -147.87715 655.0 530 370
239.6079 -136.9188 657.0 530 360
239.6079 -136.9188 657.0 530 360
238.8785 -147.87715 655.0 530 370
257.895 -140.67 675.0 540 360
238.8785 -147.87715 655.0 530 370
254.07433 -150.13483 665.0 540 370
257.895 -140.67 675.0 540 360
257.895 -140.67 675.0 540 360
254.07433 -150.13483 665.0 540 370
278.40503 -145.25479 697.0 550 360
254.07433 -150.13483 665.0 540 370
270.8158 -153.06978 678.0 550 370
278.40503 -145.25479 697.0 550 360
-658.023 -285.14328 1263.0 20 370
-650.729 -303.67355 1249.0 20 380
-634.07434 -284.2402 1259.0 30 370
-650.729 -303.67355 1249.0 20 380
-629.038 -303.67355 1249.0 30 380
-634.07434 -284.2402 1259.0 30 370
-634.07434 -284.2402 1259.0 30 370
-629.038 -303.67355 1249.0 30 380
-620.9625 -288.30402 1277.0 40 370
-629.038 -303.67355 1249.0 30 380
-605.402 -302.70102 1245.0 40 380
-620.9625 -288.30402 1277.0 40 370
-620.9625 -288.30402 1277.0 40 370
-605.402 -302.70102 1245.0 40 380
-603.4743 -290.56168 1287.0 50 370
-605.402 -302.70102 1245.0 40 380
-594.5652 -308.2931 1268.0 50 380
-603.4743 -290.56168 1287.0 50 370
-603.4743 -290.56168 1287.0 50 370
-594.5652 -308.2931 1268.0 50 380
-589.7025 -294.85123 1306.0 60 370
-594.5652 -308.2931 1268.0 50 380
-574.3504 -309.26562 1272.0 60 380
-589.7025 -294.85123 1306.0 60 370
-575.705 -299.36658 1326.0 70 370
-577.8758 -323.61047 1331.0 70 380
-563.5136 -305.2365 1352.0 80 370
-577.8758 -323.61047 1331.0 70 380
-566.0144 -330.17508 1358.0 80 380
-563.5136 -305.2365 1352.0 80 370
-563.5136 -305.2365 1352.0 80 370
-566.0144 -330.17508 1358.0 80 380
-546.4248 -308.8488 1368.0 90 370
-566.0144 -330.17508 1358.0 80 380
-548.8214 -334.06522 1374.0 90 380
-546.4248 -308.8488 1368.0 90 370
42.9304 -300.51282 1236.0 340 380
63.7183 -297.35208 1223.0 350 380
65.0729 -281.98254 1249.0 350 370
65.0729 -281.98254 1249.0 350 370
63.7183 -297.35208 1223.0 350 380
85.8608 -279.04758 1236.0 360 370
63.7183 -297.35208 1223.0 350 380
84.054665 -294.19135 1210.0 360 380
85.8608 -279.04758 1236.0 360 370
85.8608 -279.04758 1236.0 360 370
84.054665 -294.19135 1210.0 360 380
108.454834 -281.98254 1249.0 370 370
84.054665 -294.19135 1210.0 360 380
103.244835 -289.08554 1189.0 370 380
108.454834 -281.98254 1249.0 370 370
103.244835 -289.08554 1189.0 370 380
120.559395 -281.30527 1157.0 380 380
123.060196 -266.6304 1181.0 380 370
123.060196 -266.6304 1181.0 380 370
120.559395 -281.30527 1157.0 380 380
139.80167 -259.63165 1150.0 390 370
120.559395 -281.30527 1157.0 380 380
140.16637 -280.33273 1153.0 390 380
139.80167 -259.63165 1150.0 390 370
152.132 -247.21448 1095.0 400 370
150.74266 -263.79968 1085.0 400 380
170.5233 -246.31142 1091.0 410 370
150.74266 -263.79968 1085.0 400 380
170.0544 -264.52908 1088.0 410 380
170.5233 -246.31142 1091.0 410 370
170.5233 -246.31142 1091.0 410 370
170.0544 -264.52908 1088.0 410 380
187.73366 -244.05374 1081.0 420 370
170.0544 -264.52908 1088.0 410 380
185.476 -259.6664 1068.0 420 380
187.73366 -244.05374 1081.0 420 370
187.73366 -244.05374 1081.0 420 370
185.476 -259.6664 1068.0 420 380
205.93393 -243.37645 1078.0 430 370
185.476 -259.6664 1068.0 420 380
200.20293 -254.80374 1048.0 430 380
205.93393 -243.37645 1078.0 430 370
205.93393 -243.37645 1078.0 430 370
200.20293 -254.80374 1048.0 430 380
217.1528 -235.24884 1042.0 440 370
200.20293 -254.80374 1048.0 430 380
214.652 -250.42735 1030.0 440 380
217.1528 -235.24884 1042.0 440 370
217.1528 -235.24884 1042.0 440 370
214.652 -250.42735 1030.0 440 380
228.25009 -228.25008 1011.0 450 370
214.652 -250.42735 1030.0 440 380
227.12126 -244.59215 1006.0 450 380
228.25009 -228.25008 1011.0 450 370
228.25009 -228.25008 1011.0 450 370
227.12126 -244.59215 1006.0 450 380
239.00006 -221.92862 983.0 460 370
227.12126 -244.59215 1006.0 450 380
237.54126 -237.54128 977.0 460 380
239.00006 -221.92862 983.0 460 370
239.00006 -221.92862 983.0 460 370
237.54126 -237.54128 977.0 460 380
251.64299 -218.09058 966.0 470 370
237.54126 -237.54128 977.0 460 380
250.8615 -234.1374 963.0 470 380
251.64299 -218.09058 966.0 470 370
197.5632 -142.68452 632.0 500 370
201.93959 -157.06415 646.0 500 380
209.8588 -143.58759 636.0 510 370
201.93959 -157.06415 646.0 500 380
212.82849 -156.82101 645.0 510 380
209.8588 -143.58759 636.0 510 370
209.8588 -143.58759 636.0 510 370
212.82849 -156.82101 645.0 510 380
224.03 -145.61949 645.0 520 370
212.82849 -156.82101 645.0 510 380
225.76666 -158.03668 650.0 520 380
224.03 -145.61949 645.0 520 370
224.03 -145.61949 645.0 520 370
225.76666 -158.03668 650.0 520 380
238.8785 -147.87715 655.0 530 370
225.76666 -158.03668 650.0 520 380
237.7844 -158.52293 652.0 530 380
238.8785 -147.87715 655.0 530 370
238.8785 -147.87715 655.0 530 370
237.7844 -158.52293 652.0 530 380
254.07433 -150.13483 665.0 540 370
237.7844 -158.52293 652.0 530 380
252.54607 -160.71114 661.0 540 380
254.07433 -150.13483 665.0 540 370
254.07433 -150.13483 665.0 540 370
252.54607 -160.71114 661.0 540 380
270.8158 -153.06978 678.0 550 370
252.54607 -160.71114 661.0 540 380
270.01694 -164.35814 676.0 550 380
270.8158 -153.06978 678.0 550 370
270.8158 -153.06978 678.0 550 370
270.01694 -164.35814 676.0 550 380
293.0104 -158.71396 703.0 560 370
270.01694 -164.35814 676.0 550 380
287.1752 -167.51888 689.0 560 380
293.0104 -158.71396 703.0 560 370
-650.729 -303.67355 1249.0 20 380
-646.04 -323.02 1240.0 20 390
-629.038 -303.67355 1249.0 30 380
-646.04 -323.02 1240.0 20 390
-627.0235 -324.32248 1245.0 30 390
-629.038 -303.67355 1249.0 30 380
-629.038 -303.67355 1249.0 30 380
-627.0235 -324.32248 1245.0 30 390
-605.402 -302.70102 1245.0 40 380
-627.0235 -324.32248 1245.0 30 390
-607.34705 -325.3645 1249.0 40 390
-605.402 -302.70102 1245.0 40 380
-605.402 -302.70102 1245.0 40 380
-607.34705 -325.3645 1249.0 40 390
-594.5652 -308.2931 1268.0 50 380
-607.34705 -325.3645 1249.0 40 390
-601.12976 -333.961 1282.0 50 390
-594.5652 -308.2931 1268.0 50 380
-594.5652 -308.2931 1268.0 50 380
-601.12976 -333.961 1282.0 50 390
-574.3504 -309.26562 1272.0 60 380
-601.12976 -333.961 1282.0 50 390
-596.4755 -344.12048 1321.0 60 390
-574.3504 -309.26562 1272.0 60 380
-574.3504 -309.26562 1272.0 60 380
-596.4755 -344.12048 1321.0 60 390
-577.8758 -323.61047 1331.0 70 380
-596.4755 -344.12048 1321.0 60 390
-582.6517 -349.591 1342.0 70 390
-577.8758 -323.61047 1331.0 70 380
-577.8758 -323.61047 1331.0 70 380
-582.6517 -349.591 1342.0 70 390
-566.0144 -330.17508 1358.0 80 380
-582.6517 -349.591 1342.0 70 390
-563.5136 -352.19598 1352.0 80 390
-566.0144 -330.17508 1358.0 80 380
-566.0144 -330.17508 1358.0 80 380
-563.5136 -352.19598 1352.0 80 390
-548.8214 -334.06522 1374.0 90 380
-563.5136 -352.19598 1352.0 80 390
-544.4276 -355.0615 1363.0 90 390
-548.8214 -334.06522 1374.0 90 380
21.4652 -321.978 1236.0 330 390
41.8884 -314.163 1206.0 340 390
42.9304 -300.51282 1236.0 340 380
42.9304 -300.51282 1236.0 340 380
41.8884 -314.163 1206.0 340 390
63.7183 -297.35208 1223.0 350 380
41.8884 -314.163 1206.0 340 390
62.6242 -313.121 1202.0 350 390
63.7183 -297.35208 1223.0 350 380
63.7183 -297.35208 1223.0 350 380
62.6242 -313.121 1202.0 350 390
84.054665 -294.19135 1210.0 360 380
62.6242 -313.121 1202.0 350 390
82.59586 -309.7345 1189.0 360 390
84.054665 -294.19135 1210.0 360 380
84.054665 -294.19135 1210.0 360 380
82.59586 -309.7345 1189.0 360 390
103.244835 -289.08554 1189.0 370 380
82.59586 -309.7345 1189.0 360 390
101.50816 -304.5245 1169.0 370 390
103.244835 -289.08554 1189.0 370 380
103.244835 -289.08554 1189.0 370 380
101.50816 -304.5245 1169.0 370 390
120.559395 -281.30527 1157.0 380 380
101.50816 -304.5245 1169.0 370 390
120.1426 -300.3565 1153.0 380 390
120.559395 -281.30527 1157.0 380 380
120.559395 -281.30527 1157.0 380 380
120.1426 -300.3565 1153.0 380 390
140.16637 -280.33273 1153.0 390 380
120.1426 -300.3565 1153.0 380 390
138.82913 -297.491 1142.0 390 390
140.16637 -280.33273 1153.0 390 380
150.74266 -263.79968 1085.0 400 380
151.15947 -283.42398 1088.0 400 390
170.0544 -264.52908 1088.0 410 380
151.15947 -283.42398 1088.0 400 390
168.4914 -280.819 1078.0 410 390
170.0544 -264.52908 1088.0 410 380
170.0544 -264.52908 1088.0 410 380
168.4914 -280.819 1078.0 410 390
185.476 -259.6664 1068.0 420 380
168.4914 -280.819 1078.0 410 390
184.78133 -277.172 1064.0 420 390
185.476 -259.6664 1068.0 420 380
185.476 -259.6664 1068.0 420 380
184.78133 -277.172 1064.0 420 390
200.20293 -254.80374 1048.0 430 380
184.78133 -277.172 1064.0 420 390
197.91052 -269.878 1036.0 430 390
200.20293 -254.80374 1048.0 430 380
200.20293 -254.80374 1048.0 430 380
197.91052 -269.878 1036.0 430 390
214.652 -250.42735 1030.0 440 380
197.91052 -269.878 1036.0 430 390
211.9428 -264.9285 1017.0 440 390
214.652 -250.42735 1030.0 440 380
214.652 -250.42735 1030.0 440 380
211.9428 -264.9285 1017.0 440 390
227.12126 -244.59215 1006.0 450 380
211.9428 -264.9285 1017.0 440 390
225.08936 -259.7185 997.0 450 390
227.12126 -244.59215 1006.0 450 380
227.12126 -244.59215 1006.0 450 380
225.08936 -259.7185 997.0 450 390
237.54126 -237.54128 977.0 460 380
225.08936 -259.7185 997.0 450 390
237.54126 -254.5085 977.0 460 390
237.54126 -237.54128 977.0 460 380
237.54126 -237.54128 977.0 460 380
237.54126 -254.5085 977.0 460 390
250.8615 -234.1374 963.0 470 380
237.54126 -254.5085 977.0 460 390
248.2565 -248.2565 953.0 470 390
250.8615 -234.1374 963.0 470 380
250.8615 -234.1374 963.0 470 380
248.2565 -248.2565 953.0 470 390
260.36105 -227.81595 937.0 480 380
248.2565 -248.2565 953.0 470 390
257.5824 -241.48349 927.0 480 390
260.36105 -227.81595 937.0 480 380
201.93959 -157.06415 646.0 500 380
209.442 -174.535 670.0 500 390
212.82849 -156.82101 645.0 510 380
209.442 -174.535 670.0 500 390
217.11806 -171.409 658.0 510 390
212.82849 -156.82101 645.0 510 380
212.82849 -156.82101 645.0 510 380
217.11806 -171.409 658.0 510 390
225.76666 -158.03668 650.0 520 380
217.11806 -171.409 658.0 510 390
227.85066 -170.888 656.0 520 390
225.76666 -158.03668 650.0 520 380
225.76666 -158.03668 650.0 520 380
227.85066 -170.888 656.0 520 390
237.7844 -158.52293 652.0 530 380
227.85066 -170.888 656.0 520 390
239.9726 -171.409 658.0 530 390
237.7844 -158.52293 652.0 530 380
237.7844 -158.52293 652.0 530 380
239.9726 -171.409 658.0 530 390
252.54607 -160.71114 661.0 540 380
239.9726 -171.409 658.0 530 390
254.07433 -173.2325 665.0 540 390
252.54607 -160.71114 661.0 540 380
252.54607 -160.71114 661.0 540 380
254.07433 -173.2325 665.0 540 390
270.01694 -164.35814 676.0 550 380
254.07433 -173.2325 665.0 540 390
268.01978 -174.7955 671.0 550 390
270.01694 -164.35814 676.0 550 380
270.01694 -164.35814 676.0 550 380
268.01978 -174.7955 671.0 550 390
287.1752 -167.51888 689.0 560 380
268.01978 -174.7955 671.0 550 390
284.6744 -177.9215 683.0 560 390
287.1752 -167.51888 689.0 560 380
287.1752 -167.51888 689.0 560 380
284.6744 -177.9215 683.0 560 390
306.0875 -171.40901 705.0 570 380
284.6744 -177.9215 683.0 560 390
305.21915 -183.1315 703.0 570 390
306.0875 -171.40901 705.0 570 380
-646.04 -323.02 1240.0 20 390
-643.956 -343.44318 1236.0 20 400
-627.0235 -324.32248 1245.0 30 390
-643.956 -343.44318 1236.0 20 400
-627.0235 -345.94397 1245.0 30 400
-627.0235 -324.32248 1245.0 30 390
-627.0235 -324.32248 1245.0 30 390
-627.0235 -345.94397 1245.0 30 400
-607.34705 -325.3645 1249.0 40 390
-627.0235 -345.94397 1245.0 30 400
-612.2097 -349.8341 1259.0 40 400
-607.34705 -325.3645 1249.0 40 390
-607.34705 -325.3645 1249.0 40 390
-612.2097 -349.8341 1259.0 40 400
-601.12976 -333.961 1282.0 50 390
-612.2097 -349.8341 1259.0 40 400
-605.3499 -358.72583 1291.0 50 400
-601.12976 -333.961 1282.0 50 390
-601.12976 -333.961 1282.0 50 390
-605.3499 -358.72583 1291.0 50 400
-596.4755 -344.12048 1321.0 60 390
-605.3499 -358.72583 1291.0 50 400
-585.1872 -360.11517 1296.0 60 400
-596.4755 -344.12048 1321.0 60 390
-596.4755 -344.12048 1321.0 60 390
-585.1872 -360.11517 1296.0 60 400
-582.6517 -349.591 1342.0 70 390
-585.1872 -360.11517 1296.0 60 400
-577.8758 -369.8405 1331.0 70 400
-582.6517 -349.591 1342.0 70 390
-582.6517 -349.591 1342.0 70 390
-577.8758 -369.8405 1331.0 70 400
-563.5136 -352.19598 1352.0 80 390
-577.8758 -369.8405 1331.0 70 400
-561.42957 -374.28638 1347.0 80 400
-563.5136 -352.19598 1352.0 80 390
-563.5136 -352.19598 1352.0 80 390
-561.42957 -374.28638 1347.0 80 400
-544.4276 -355.0615 1363.0 90 390
-561.42957 -374.28638 1347.0 80 400
-544.4276 -378.73224 1363.0 90 400
-544.4276 -355.0615 1363.0 90 390
0.0 -340.94238 1227.0 320 400
21.083134 -337.3301 1214.0 330 400
21.4652 -321.978 1236.0 330 390
21.4652 -321.978 1236.0 330 390
21.083134 -337.3301 1214.0 330 400
41.8884 -314.163 1206.0 340 390
21.083134 -337.3301 1214.0 330 400
41.575798 -332.60638 1197.0 340 400
41.8884 -314.163 1206.0 340 390
41.8884 -314.163 1206.0 340 390
41.575798 -332.60638 1197.0 340 400
62.6242 -313.121 1202.0 350 390
41.575798 -332.60638 1197.0 340 400
61.530098 -328.16052 1181.0 350 400
62.6242 -313.121 1202.0 350 390
62.6242 -313.121 1202.0 350 390
61.530098 -328.16052 1181.0 350 400
82.59586 -309.7345 1189.0 360 390
61.530098 -328.16052 1181.0 350 400
80.928665 -323.71463 1165.0 360 400
82.59586 -309.7345 1189.0 360 390
82.59586 -309.7345 1189.0 360 390
80.928665 -323.71463 1165.0 360 400
101.50816 -304.5245 1169.0 370 390
80.928665 -323.71463 1165.0 360 400
100.11883 -320.38025 1153.0 370 400
101.50816 -304.5245 1169.0 370 390
101.50816 -304.5245 1169.0 370 390
100.11883 -320.38025 1153.0 370 400
120.1426 -300.3565 1153.0 380 390
100.11883 -320.38025 1153.0 370 400
117.8502 -314.26718 1131.0 380 400
120.1426 -300.3565 1153.0 380 390
120.1426 -300.3565 1153.0 380 390
117.8502 -314.26718 1131.0 380 400
138.82913 -297.491 1142.0 390 390
117.8502 -314.26718 1131.0 380 400
135.3037 -309.26556 1113.0 390 400
138.82913 -297.491 1142.0 390 390
138.82913 -297.491 1142.0 390 390
135.3037 -309.26556 1113.0 390 400
151.15947 -283.42398 1088.0 400 390
135.3037 -309.26556 1113.0 390 400
150.18694 -300.37384 1081.0 400 400
151.15947 -283.42398 1088.0 400 390
151.15947 -283.42398 1088.0 400 390
150.18694 -300.37384 1081.0 400 400
168.4914 -280.819 1078.0 410 390
150.18694 -300.37384 1081.0 400 400
166.30319 -295.65012 1064.0 410 400
168.4914 -280.819 1078.0 410 390
168.4914 -280.819 1078.0 410 390
166.30319 -295.65012 1064.0 410 400
184.78133 -277.172 1064.0 420 390
166.30319 -295.65012 1064.0 410 400
182.69733 -292.3157 1052.0 420 400
184.78133 -277.172 1064.0 420 390
184.78133 -277.172 1064.0 420 390
182.69733 -292.3157 1052.0 420 400
197.91052 -269.878 1036.0 430 390
182.69733 -292.3157 1052.0 420 400
196.0002 -285.0912 1026.0 430 400
197.91052 -269.878 1036.0 430 390
197.91052 -269.878 1036.0 430 390
196.0002 -285.0912 1026.0 430 400
211.9428 -264.9285 1017.0 440 390
196.0002 -285.0912 1026.0 430 400
209.65039 -279.53384 1006.0 440 400
211.9428 -264.9285 1017.0 440 390
211.9428 -264.9285 1017.0 440 390
209.65039 -279.53384 1006.0 440 400
225.08936 -259.7185 997.0 450 390
209.65039 -279.53384 1006.0 440 400
223.73476 -275.36584 991.0 450 400
225.08936 -259.7185 997.0 450 390
225.08936 -259.7185 997.0 450 390
223.73476 -275.36584 991.0 450 400
237.54126 -254.5085 977.0 460 390
223.73476 -275.36584 991.0 450 400
236.32559 -270.08636 972.0 460 400
237.54126 -254.5085 977.0 460 390
237.54126 -254.5085 977.0 460 390
236.32559 -270.08636 972.0 460 400
248.2565 -248.2565 953.0 470 390
236.32559 -270.08636 972.0 460 400
248.7775 -265.36264 955.0 470 400
248.2565 -248.2565 953.0 470 390
248.2565 -248.2565 953.0 470 390
248.7775 -265.36264 955.0 470 400
257.5824 -241.48349 927.0 480 390
248.7775 -265.36264 955.0 470 400
260.36105 -260.36105 937.0 480 400
257.5824 -241.48349 927.0 480 390
227.85066 -170.888 656.0 520 390
234.45 -187.55998 675.0 520 400
239.9726 -171.409 658.0 530 390
234.45 -187.55998 675.0 520 400
243.9843 -185.89279 669.0 530 400
239.9726 -171.409 658.0 530 390
239.9726 -171.409 658.0 530 390
243.9843 -185.89279 669.0 530 400
254.07433 -173.2325 665.0 540 390
243.9843 -185.89279 669.0 530 400
256.36673 -186.44852 671.0 540 400
254.07433 -173.2325 665.0 540 390
254.07433 -173.2325 665.0 540 390
256.36673 -186.44852 671.0 540 400
268.01978 -174.7955 671.0 550 390
256.36673 -186.44852 671.0 540 400
270.8158 -188.39359 678.0 550 400
268.01978 -174.7955 671.0 550 390
268.01978 -174.7955 671.0 550 390
270.8158 -188.39359 678.0 550 400
284.6744 -177.9215 683.0 560 390
270.8158 -188.39359 678.0 550 400
285.0912 -190.06079 684.0 560 400
284.6744 -177.9215 683.0 560 390
284.6744 -177.9215 683.0 560 390
285.0912 -190.06079 684.0 560 400
305.21915 -183.1315 703.0 570 390
285.0912 -190.06079 684.0 560 400
303.04834 -193.95091 698.0 570 400
305.21915 -183.1315 703.0 570 390
305.21915 -183.1315 703.0 570 390
303.04834 -193.95091 698.0 570 400
323.7494 -186.7785 717.0 580 390
303.04834 -193.95091 698.0 570 400
321.94327 -198.11891 713.0 580 400
323.7494 -186.7785 717.0 580 390
323.7494 -186.7785 717.0 580 390
321.94327 -198.11891 713.0 580 400
350.73718 -194.854 748.0 590 390
-643.956 -343.44318 1236.0 20 400
-643.956 -364.90842 1236.0 20 410
-627.0235 -345.94397 1245.0 30 400
-643.956 -364.90842 1236.0 20 410
-627.0235 -367.56552 1245.0 30 410
-627.0235 -345.94397 1245.0 30 400
-627.0235 -345.94397 1245.0 30 400
-627.0235 -367.56552 1245.0 30 410
-612.2097 -349.8341 1259.0 40 400
-627.0235 -367.56552 1245.0 30 410
-612.2097 -371.6988 1259.0 40 410
-612.2097 -349.8341 1259.0 40 400
-612.2097 -349.8341 1259.0 40 400
-612.2097 -371.6988 1259.0 40 410
-605.3499 -358.72583 1291.0 50 400
-612.2097 -371.6988 1259.0 40 410
-596.4408 -375.5368 1272.0 50 410
-605.3499 -358.72583 1291.0 50 400
-605.3499 -358.72583 1291.0 50 400
-596.4408 -375.5368 1272.0 50 410
-585.1872 -360.11517 1296.0 60 400
-596.4408 -375.5368 1272.0 50 410
-582.9295 -381.14624 1291.0 60 410
-585.1872 -360.11517 1296.0 60 400
-585.1872 -360.11517 1296.0 60 400
-582.9295 -381.14624 1291.0 60 410
-577.8758 -369.8405 1331.0 70 400
-582.9295 -381.14624 1291.0 60 410
-575.705 -391.4794 1326.0 70 410
-577.8758 -369.8405 1331.0 70 400
-577.8758 -369.8405 1331.0 70 400
-575.705 -391.4794 1326.0 70 410
-561.42957 -374.28638 1347.0 80 400
-575.705 -391.4794 1326.0 70 410
-559.3456 -396.20316 1342.0 80 410
-561.42957 -374.28638 1347.0 80 400
-561.42957 -374.28638 1347.0 80 400
-559.3456 -396.20316 1342.0 80 410
-544.4276 -378.73224 1363.0 90 400
-559.3456 -396.20316 1342.0 80 410
-546.4248 -403.8792 1368.0 90 410
-544.4276 -378.73224 1363.0 90 400
0.0 -340.94238 1227.0 320 400
0.0 -356.05142 1206.0 320 410
21.083134 -337.3301 1214.0 330 400
0.0 -356.05142 1206.0 320 410
20.718433 -352.21338 1193.0 330 410
21.083134 -337.3301 1214.0 330 400
21.083134 -337.3301 1214.0 330 400
20.718433 -352.21338 1193.0 330 410
41.575798 -332.60638 1197.0 340 400
20.718433 -352.21338 1193.0 330 410
41.159 -349.8515 1185.0 340 410
41.575798 -332.60638 1197.0 340 400
41.575798 -332.60638 1197.0 340 400
41.159 -349.8515 1185.0 340 410
61.530098 -328.16052 1181.0 350 400
41.159 -349.8515 1185.0 340 410
60.9049 -345.12778 1169.0 350 410
61.530098 -328.16052 1181.0 350 400
61.530098 -328.16052 1181.0 350 400
60.9049 -345.12778 1169.0 350 410
80.928665 -323.71463 1165.0 360 400
60.9049 -345.12778 1169.0 350 410
79.886665 -339.51834 1150.0 360 410
80.928665 -323.71463 1165.0 360 400
80.928665 -323.71463 1165.0 360 400
79.886665 -339.51834 1150.0 360 410
100.11883 -320.38025 1153.0 370 400
79.886665 -339.51834 1150.0 360 410
98.81633 -335.97556 1138.0 370 410
100.11883 -320.38025 1153.0 370 400
100.11883 -320.38025 1153.0 370 400
98.81633 -335.97556 1138.0 370 410
117.8502 -314.26718 1131.0 380 400
98.81633 -335.97556 1138.0 370 410
116.2872 -329.4804 1116.0 380 410
117.8502 -314.26718 1131.0 380 400
117.8502 -314.26718 1131.0 380 400
116.2872 -329.4804 1116.0 380 410
135.3037 -309.26556 1113.0 390 400
116.2872 -329.4804 1116.0 380 410
132.26453 -321.21387 1088.0 390 410
135.3037 -309.26556 1113.0 390 400
135.3037 -309.26556 1113.0 390 400
132.26453 -321.21387 1088.0 390 410
150.18694 -300.37384 1081.0 400 400
132.26453 -321.21387 1088.0 390 410
149.2144 -317.0806 1074.0 400 410
150.18694 -300.37384 1081.0 400 400
150.18694 -300.37384 1081.0 400 400
149.2144 -317.0806 1074.0 400 410
166.30319 -295.65012 1064.0 410 400
149.2144 -317.0806 1074.0 400 410
164.4276 -310.58548 1052.0 410 410
166.30319 -295.65012 1064.0 410 400
166.30319 -295.65012 1064.0 410 400
164.4276 -310.58548 1052.0 410 410
182.69733 -292.3157 1052.0 420 400
164.4276 -310.58548 1052.0 410 410
179.39766 -304.97604 1033.0 420 410
182.69733 -292.3157 1052.0 420 400
182.69733 -292.3157 1052.0 420 400
179.39766 -304.97604 1033.0 420 410
196.0002 -285.0912 1026.0 430 400
179.39766 -304.97604 1033.0 420 410
193.13469 -298.4809 1011.0 430 410
196.0002 -285.0912 1026.0 430 400
196.0002 -285.0912 1026.0 430 400
193.13469 -298.4809 1011.0 430 410
209.65039 -279.53384 1006.0 440 400
193.13469 -298.4809 1011.0 430 410
207.7748 -294.34766 997.0 440 410
209.65039 -279.53384 1006.0 440 400
209.65039 -279.53384 1006.0 440 400
207.7748 -294.34766 997.0 440 410
223.73476 -275.36584 991.0 450 400
207.7748 -294.34766 997.0 440 410
222.38016 -290.80484 985.0 450 410
223.73476 -275.36584 991.0 450 400
223.73476 -275.36584 991.0 450 400
222.38016 -290.80484 985.0 450 410
236.32559 -270.08636 972.0 460 400
222.38016 -290.80484 985.0 450 410
235.59619 -286.08112 969.0 460 410
236.32559 -270.08636 972.0 460 400
236.32559 -270.08636 972.0 460 400
235.59619 -286.08112 969.0 460 410
248.7775 -265.36264 955.0 470 400
235.59619 -286.08112 969.0 460 410
249.55899 -282.83356 958.0 470 410
248.7775 -265.36264 955.0 470 400
248.7775 -265.36264 955.0 470 400
249.55899 -282.83356 958.0 470 410
260.36105 -260.36105 937.0 480 400
249.55899 -282.83356 958.0 470 410
261.19467 -277.51935 940.0 480 410
260.36105 -260.36105 937.0 480 400
260.36105 -260.36105 937.0 480 400
261.19467 -277.51935 940.0 480 410
266.00522 -250.35785 901.0 490 400
261.19467 -277.51935 940.0 480 410
269.54803 -269.54803 913.0 490 410
266.00522 -250.35785 901.0 490 400
266.00522 -250.35785 901.0 490 400
269.54803 -269.54803 913.0 490 410
271.64938 -241.46611 869.0 500 400
269.54803 -269.54803 913.0 490 410
276.3384 -260.98627 884.0 500 410
271.64938 -241.46611 869.0 500 400
234.45 -187.55998 675.0 520 400
239.65999 -203.71101 690.0 520 410
243.9843 -185.89279 669.0 530 400
239.65999 -203.71101 690.0 520 410
250.54889 -202.8253 687.0 530 410
243.9843 -185.89279 669.0 530 400
243.9843 -185.89279 669.0 530 400
250.54889 -202.8253 687.0 530 410
256.36673 -186.44852 671.0 540 400
250.54889 -202.8253 687.0 530 410
260.95154 -201.64438 683.0 540 410
256.36673 -186.44852 671.0 540 400
256.36673 -186.44852 671.0 540 400
260.95154 -201.64438 683.0 540 410
270.8158 -188.39359 678.0 550 400
260.95154 -201.64438 683.0 540 410
273.2124 -201.9396 684.0 550 410
270.8158 -188.39359 678.0 550 400
270.8158 -188.39359 678.0 550 400
273.2124 -201.9396 684.0 550 410
285.0912 -190.06079 684.0 560 400
273.2124 -201.9396 684.0 550 410
288.0088 -204.00624 691.0 560 410
285.0912 -190.06079 684.0 560 400
285.0912 -190.06079 684.0 560 400
288.0088 -204.00624 691.0 560 410
303.04834 -193.95091 698.0 570 400
288.0088 -204.00624 691.0 560 410
305.65332 -207.84427 704.0 570 410
303.04834 -193.95091 698.0 570 400
303.04834 -193.95091 698.0 570 400
305.65332 -207.84427 704.0 570 410
321.94327 -198.11891 713.0 580 400
305.65332 -207.84427 704.0 570 410
321.94327 -210.50137 713.0 580 410
321.94327 -198.11891 713.0 580 400
-643.956 -364.90842 1236.0 20 410
-643.956 -386.3736 1236.0 20 420
-627.0235 -367.56552 1245.0 30 410
-643.956 -386.3736 1236.0 20 420
-624.5053 -387.624 1240.0 30 420
-627.0235 -367.56552 1245.0 30 410
-627.0235 -367.56552 1245.0 30 410
-624.5053 -387.624 1240.0 30 420
-612.2097 -371.6988 1259.0 40 410
-624.5053 -387.624 1240.0 30 420
-612.2097 -393.5634 1259.0 40 420
-612.2097 -371.6988 1259.0 40 410
-612.2097 -371.6988 1259.0 40 410
-612.2097 -393.5634 1259.0 40 420
-596.4408 -375.5368 1272.0 50 410
-612.2097 -393.5634 1259.0 40 420
-603.4743 -402.3162 1287.0 50 420
-596.4408 -375.5368 1272.0 50 410
-596.4408 -375.5368 1272.0 50 410
-603.4743 -402.3162 1287.0 50 420
-582.9295 -381.14624 1291.0 60 410
-603.4743 -402.3162 1287.0 50 420
-585.1872 -405.12958 1296.0 60 420
-582.9295 -381.14624 1291.0 60 410
-582.9295 -381.14624 1291.0 60 410
-585.1872 -405.12958 1296.0 60 420
-575.705 -391.4794 1326.0 70 410
-585.1872 -405.12958 1296.0 60 420
-573.5342 -412.94458 1321.0 70 420
-575.705 -391.4794 1326.0 70 410
-575.705 -391.4794 1326.0 70 410
-573.5342 -412.94458 1321.0 70 420
-559.3456 -396.20316 1342.0 80 410
-573.5342 -412.94458 1321.0 70 420
-556.8448 -417.6336 1336.0 80 420
-559.3456 -396.20316 1342.0 80 410
-559.3456 -396.20316 1342.0 80 410
-556.8448 -417.6336 1336.0 80 420
-546.4248 -403.8792 1368.0 90 410
-556.8448 -417.6336 1336.0 80 420
-546.4248 -427.63678 1368.0 90 420
-546.4248 -403.8792 1368.0 90 410
-20.5795 -370.431 1185.0 310 420
0.0 -367.9302 1177.0 320 420
0.0 -356.05142 1206.0 320 410
0.0 -356.05142 1206.0 320 410
0.0 -367.9302 1177.0 320 420
20.718433 -352.21338 1193.0 330 410
0.0 -367.9302 1177.0 320 420
20.3711 -366.67978 1173.0 330 420
20.718433 -352.21338 1193.0 330 410
20.718433 -352.21338 1193.0 330 410
20.3711 -366.67978 1173.0 330 420
41.159 -349.8515 1185.0 340 410
20.3711 -366.67978 1173.0 330 420
41.020065 -369.1806 1181.0 340 420
41.159 -349.8515 1185.0 340 410
41.159 -349.8515 1185.0 340 410
41.020065 -369.1806 1181.0 340 420
60.9049 -345.12778 1169.0 350 410
41.020065 -369.1806 1181.0 340 420
60.0713 -360.4278 1153.0 350 420
60.9049 -345.12778 1169.0 350 410
60.9049 -345.12778 1169.0 350 410
60.0713 -360.4278 1153.0 350 420
79.886665 -339.51834 1150.0 360 410
60.0713 -360.4278 1153.0 350 420
78.7752 -354.4884 1134.0 360 420
79.886665 -339.51834 1150.0 360 410
79.886665 -339.51834 1150.0 360 410
78.7752 -354.4884 1134.0 360 420
98.81633 -335.97556 1138.0 370 410
78.7752 -354.4884 1134.0 360 420
97.253334 -350.112 1120.0 370 420
98.81633 -335.97556 1138.0 370 410
98.81633 -335.97556 1138.0 370 410
97.253334 -350.112 1120.0 370 420
116.2872 -329.4804 1116.0 380 410
97.253334 -350.112 1120.0 370 420
114.8284 -344.4852 1102.0 380 420
116.2872 -329.4804 1116.0 380 410
116.2872 -329.4804 1116.0 380 410
114.8284 -344.4852 1102.0 380 420
132.26453 -321.21387 1088.0 390 410
114.8284 -344.4852 1102.0 380 420
131.41356 -337.9206 1081.0 390 420
132.26453 -321.21387 1088.0 390 410
132.26453 -321.21387 1088.0 390 410
131.41356 -337.9206 1081.0 390 420
149.2144 -317.0806 1074.0 400 410
131.41356 -337.9206 1081.0 390 420
146.99147 -330.7308 1058.0 400 420
149.2144 -317.0806 1074.0 400 410
149.2144 -317.0806 1074.0 400 410
146.99147 -330.7308 1058.0 400 420
164.4276 -310.58548 1052.0 410 410
146.99147 -330.7308 1058.0 400 420
162.39569 -324.79138 1039.0 410 420
164.4276 -310.58548 1052.0 410 410
164.4276 -310.58548 1052.0 410 410
162.39569 -324.79138 1039.0 410 420
179.39766 -304.97604 1033.0 420 410
162.39569 -324.79138 1039.0 410 420
176.619 -317.91418 1017.0 420 420
179.39766 -304.97604 1033.0 420 410
179.39766 -304.97604 1033.0 420 410
176.619 -317.91418 1017.0 420 420
193.13469 -298.4809 1011.0 430 410
176.619 -317.91418 1017.0 420 420
192.17953 -314.4756 1006.0 430 420
193.13469 -298.4809 1011.0 430 410
193.13469 -298.4809 1011.0 430 410
192.17953 -314.4756 1006.0 430 420
207.7748 -294.34766 997.0 440 410
192.17953 -314.4756 1006.0 430 420
206.5244 -309.7866 991.0 440 420
207.7748 -294.34766 997.0 440 410
207.7748 -294.34766 997.0 440 410
206.5244 -309.7866 991.0 440 420
222.38016 -290.80484 985.0 450 410
206.5244 -309.7866 991.0 440 420
221.92863 -307.2858 983.0 450 420
222.38016 -290.80484 985.0 450 410
222.38016 -290.80484 985.0 450 410
221.92863 -307.2858 983.0 450 420
235.59619 -286.08112 969.0 460 410
221.92863 -307.2858 983.0 450 420
235.59619 -302.9094 969.0 460 420
235.59619 -286.08112 969.0 460 410
235.59619 -286.08112 969.0 460 410
235.59619 -302.9094 969.0 460 420
249.55899 -282.83356 958.0 470 410
235.59619 -302.9094 969.0 460 420
249.55899 -299.4708 958.0 470 420
249.55899 -282.83356 958.0 470 410
249.55899 -282.83356 958.0 470 410
249.55899 -299.4708 958.0 470 420
261.19467 -277.51935 940.0 480 410
249.55899 -299.4708 958.0 470 420
263.97333 -296.97 950.0 480 420
261.19467 -277.51935 940.0 480 410
261.19467 -277.51935 940.0 480 410
263.97333 -296.97 950.0 480 420
269.54803 -269.54803 913.0 490 410
263.97333 -296.97 950.0 480 420
285.1954 -301.9716 966.0 490 420
269.54803 -269.54803 913.0 490 410
250.54889 -202.8253 687.0 530 410
257.1135 -220.383 705.0 530 420
260.95154 -201.64438 683.0 540 410
257.1135 -220.383 705.0 530 420
268.9749 -220.07039 704.0 540 420
260.95154 -201.64438 683.0 540 410
260.95154 -201.64438 683.0 540 410
268.9749 -220.07039 704.0 540 420
273.2124 -201.9396 684.0 550 410
268.9749 -220.07039 704.0 540 420
279.60333 -218.81999 700.0 550 420
273.2124 -201.9396 684.0 550 410
273.2124 -201.9396 684.0 550 410
279.60333 -218.81999 700.0 550 420
288.0088 -204.00624 691.0 560 410
279.60333 -218.81999 700.0 550 420
292.1768 -219.1326 701.0 560 420
288.0088 -204.00624 691.0 560 410
288.0088 -204.00624 691.0 560 410
292.1768 -219.1326 701.0 560 420
305.65332 -207.84427 704.0 570 410
292.1768 -219.1326 701.0 560 420
310.86334 -223.8216 716.0 570 420
305.65332 -207.84427 704.0 570 410
305.65332 -207.84427 704.0 570 410
310.86334 -223.8216 716.0 570 420
321.94327 -210.50137 713.0 580 410
310.86334 -223.8216 716.0 570 420
326.4586 -226.0098 723.0 580 420
321.94327 -210.50137 713.0 580 410
321.94327 -210.50137 713.0 580 410
326.4586 -226.0098 723.0 580 420
342.7659 -215.81558 731.0 590 410
326.4586 -226.0098 723.0 580 420
344.1726 -229.4484 734.0 590 420
342.7659 -215.81558 731.0 590 410
-643.956 -386.3736 1236.0 20 420
-641.872 -406.5189 1232.0 20 430
-624.5053 -387.624 1240.0 30 420
-641.872 -406.5189 1232.0 20 430
-624.5053 -409.15863 1240.0 30 430
-624.5053 -387.624 1240.0 30 420
-624.5053 -387.624 1240.0 30 420
-624.5053 -409.15863 1240.0 30 430
-612.2097 -393.5634 1259.0 40 420
-624.5053 -409.15863 1240.0 30 430
-609.7784 -413.77817 1254.0 40 430
-612.2097 -393.5634 1259.0 40 420
-612.2097 -393.5634 1259.0 40 420
-609.7784 -413.77817 1254.0 40 430
-603.4743 -402.3162 1287.0 50 420
-609.7784 -413.77817 1254.0 40 430
-603.4743 -424.66708 1287.0 50 430
-603.4743 -402.3162 1287.0 50 420
-603.4743 -402.3162 1287.0 50 420
-603.4743 -424.66708 1287.0 50 430
-585.1872 -405.12958 1296.0 60 420
-603.4743 -424.66708 1287.0 50 430
-587.4449 -429.2866 1301.0 60 430
-585.1872 -405.12958 1296.0 60 420
-585.1872 -405.12958 1296.0 60 420
-587.4449 -429.2866 1301.0 60 430
-573.5342 -412.94458 1321.0 70 420
-587.4449 -429.2866 1301.0 60 430
-577.8758 -439.1856 1331.0 70 430
-573.5342 -412.94458 1321.0 70 420
-573.5342 -412.94458 1321.0 70 420
-577.8758 -439.1856 1331.0 70 430
-556.8448 -417.6336 1336.0 80 420
-577.8758 -439.1856 1331.0 70 430
-561.42957 -444.46506 1347.0 80 430
-556.8448 -417.6336 1336.0 80 420
-556.8448 -417.6336 1336.0 80 420
-561.42957 -444.46506 1347.0 80 430
-546.4248 -427.63678 1368.0 90 420
-522.6672 -427.63678 1368.0 100 420
-518.8465 -448.0947 1358.0 100 430
-497.0861 -426.0738 1363.0 110 420
-518.8465 -448.0947 1358.0 100 430
-495.2626 -448.0947 1358.0 110 430
-497.0861 -426.0738 1363.0 110 420
-20.5795 -370.431 1185.0 310 420
-20.162699 -383.09128 1161.0 310 430
0.0 -367.9302 1177.0 320 420
-20.162699 -383.09128 1161.0 310 430
0.0 -379.46164 1150.0 320 430
0.0 -367.9302 1177.0 320 420
0.0 -367.9302 1177.0 320 420
0.0 -379.46164 1150.0 320 430
20.3711 -366.67978 1173.0 330 420
0.0 -379.46164 1150.0 320 430
20.023766 -380.45154 1153.0 330 430
20.3711 -366.67978 1173.0 330 420
20.3711 -366.67978 1173.0 330 420
20.023766 -380.45154 1153.0 330 430
41.020065 -369.1806 1181.0 340 420
20.023766 -380.45154 1153.0 330 430
40.603268 -385.73102 1169.0 340 430
41.020065 -369.1806 1181.0 340 420
41.020065 -369.1806 1181.0 340 420
40.603268 -385.73102 1169.0 340 430
60.0713 -360.4278 1153.0 350 420
40.603268 -385.73102 1169.0 340 430
60.0713 -380.45154 1153.0 350 430
60.0713 -360.4278 1153.0 350 420
60.0713 -360.4278 1153.0 350 420
60.0713 -380.45154 1153.0 350 430
78.7752 -354.4884 1134.0 360 420
60.0713 -380.45154 1153.0 350 430
78.01106 -370.55255 1123.0 360 430
78.7752 -354.4884 1134.0 360 420
78.7752 -354.4884 1134.0 360 420
78.01106 -370.55255 1123.0 360 430
97.253334 -350.112 1120.0 370 420
78.01106 -370.55255 1123.0 360 430
95.95083 -364.61313 1105.0 370 430
97.253334 -350.112 1120.0 370 420
97.253334 -350.112 1120.0 370 420
95.95083 -364.61313 1105.0 370 430
114.8284 -344.4852 1102.0 380 420
95.95083 -364.61313 1105.0 370 430
113.6822 -359.99362 1091.0 380 430
114.8284 -344.4852 1102.0 380 420
114.8284 -344.4852 1102.0 380 420
113.6822 -359.99362 1091.0 380 430
131.41356 -337.9206 1081.0 390 420
113.6822 -359.99362 1091.0 380 430
129.34692 -351.0845 1064.0 390 430
131.41356 -337.9206 1081.0 390 420
131.41356 -337.9206 1081.0 390 420
129.34692 -351.0845 1064.0 390 430
146.99147 -330.7308 1058.0 400 420
129.34692 -351.0845 1064.0 390 430
145.18533 -344.81516 1045.0 400 430
146.99147 -330.7308 1058.0 400 420
146.99147 -330.7308 1058.0 400 420
145.18533 -344.81516 1045.0 400 430
162.39569 -324.79138 1039.0 410 420
145.18533 -344.81516 1045.0 400 430
160.989 -339.86563 1030.0 410 430
162.39569 -324.79138 1039.0 410 420
162.39569 -324.79138 1039.0 410 420
160.989 -339.86563 1030.0 410 430
176.619 -317.91418 1017.0 420 420
160.989 -339.86563 1030.0 410 430
175.577 -333.59628 1011.0 420 430
176.619 -317.91418 1017.0 420 420
176.619 -317.91418 1017.0 420 420
175.577 -333.59628 1011.0 420 430
192.17953 -314.4756 1006.0 430 420
175.577 -333.59628 1011.0 420 430
191.03333 -329.96664 1000.0 430 430
192.17953 -314.4756 1006.0 430 420
192.17953 -314.4756 1006.0 430 420
191.03333 -329.96664 1000.0 430 430
206.5244 -309.7866 991.0 440 420
191.03333 -329.96664 1000.0 430 430
205.274 -325.01715 985.0 440 430
206.5244 -309.7866 991.0 440 420
206.5244 -309.7866 991.0 440 420
205.274 -325.01715 985.0 440 430
221.92863 -307.2858 983.0 450 420
205.274 -325.01715 985.0 440 430
219.89673 -321.3875 974.0 450 430
221.92863 -307.2858 983.0 450 420
221.92863 -307.2858 983.0 450 420
219.89673 -321.3875 974.0 450 430
235.59619 -302.9094 969.0 460 420
219.89673 -321.3875 974.0 450 430
236.32559 -320.72757 972.0 460 430
235.59619 -302.9094 969.0 460 420
235.59619 -302.9094 969.0 460 420
236.32559 -320.72757 972.0 460 430
249.55899 -299.4708 958.0 470 420
236.32559 -320.72757 972.0 460 430
250.8615 -317.75787 963.0 470 430
249.55899 -299.4708 958.0 470 420
249.55899 -299.4708 958.0 470 420
250.8615 -317.75787 963.0 470 430
263.97333 -296.97 950.0 480 420
250.8615 -317.75787 963.0 470 430
267.5856 -317.75787 963.0 480 430
263.97333 -296.97 950.0 480 420
263.97333 -296.97 950.0 480 420
267.5856 -317.75787 963.0 480 430
285.1954 -301.9716 966.0 490 420
267.5856 -317.75787 963.0 480 430
287.55725 -321.3875 974.0 490 430
285.1954 -301.9716 966.0 490 420
285.1954 -301.9716 966.0 490 420
287.55725 -321.3875 974.0 490 430
293.844 -293.844 940.0 500 420
287.55725 -321.3875 974.0 490 430
310.7244 -327.98685 994.0 500 430
293.844 -293.844 940.0 500 420
279.60333 -218.81999 700.0 550 420
287.19257 -237.24602 719.0 550 430
292.1768 -219.1326 701.0 560 420
287.19257 -237.24602 719.0 550 430
303.8472 -240.54568 729.0 560 430
292.1768 -219.1326 701.0 560 420
292.1768 -219.1326 701.0 560 420
303.8472 -240.54568 729.0 560 430
310.86334 -223.8216 716.0 570 420
303.8472 -240.54568 729.0 560 430
317.81 -241.53558 732.0 570 430
310.86334 -223.8216 716.0 570 420
310.86334 -223.8216 716.0 570 420
317.81 -241.53558 732.0 570 430
326.4586 -226.0098 723.0 580 420
317.81 -241.53558 732.0 570 430
332.32852 -242.85545 736.0 580 430
326.4586 -226.0098 723.0 580 420
326.4586 -226.0098 723.0 580 420
332.32852 -242.85545 736.0 580 430
344.1726 -229.4484 734.0 590 420
332.32852 -242.85545 736.0 580 430
347.9238 -244.83525 742.0 590 430
344.1726 -229.4484 734.0 590 420
-641.872 -406.5189 1232.0 20 430
-643.956 -429.30402 1236.0 20 440
-624.5053 -409.15863 1240.0 30 430
-643.956 -429.30402 1236.0 20 440
-624.5053 -430.69336 1240.0 30 440
-624.5053 -409.15863 1240.0 30 430
-624.5053 -409.15863 1240.0 30 430
-624.5053 -430.69336 1240.0 30 440
-609.7784 -413.77817 1254.0 40 430
-609.7784 -413.77817 1254.0 40 430
-630.2016 -450.144 1296.0 40 440
-603.4743 -424.66708 1287.0 50 430
-630.2016 -450.144 1296.0 40 440
-605.3499 -448.40735 1291.0 50 440
-603.4743 -424.66708 1287.0 50 430
-603.4743 -424.66708 1287.0 50 430
-605.3499 -448.40735 1291.0 50 440
-587.4449 -429.2866 1301.0 60 430
-605.3499 -448.40735 1291.0 50 440
-594.21783 -457.09067 1316.0 60 440
-587.4449 -429.2866 1301.0 60 430
-587.4449 -429.2866 1301.0 60 430
-594.21783 -457.09067 1316.0 60 440
-577.8758 -439.1856 1331.0 70 430
-594.21783 -457.09067 1316.0 60 440
-580.04663 -464.03735 1336.0 70 440
-577.8758 -439.1856 1331.0 70 430
-577.8758 -439.1856 1331.0 70 430
-580.04663 -464.03735 1336.0 70 440
-561.42957 -444.46506 1347.0 80 430
-580.04663 -464.03735 1336.0 70 440
-559.3456 -466.12134 1342.0 80 440
-561.42957 -444.46506 1347.0 80 430
-546.4248 -475.152 1368.0 90 440
-514.6438 -467.858 1347.0 100 440
-518.8465 -448.0947 1358.0 100 430
-518.8465 -448.0947 1358.0 100 430
-514.6438 -467.858 1347.0 100 440
-495.2626 -448.0947 1358.0 110 430
-514.6438 -467.858 1347.0 100 440
-495.2626 -471.67868 1358.0 110 440
-495.2626 -448.0947 1358.0 110 430
-495.2626 -448.0947 1358.0 110 430
-495.2626 -471.67868 1358.0 110 440
-477.236 -453.37418 1374.0 120 430
-495.2626 -471.67868 1358.0 110 440
-481.05667 -481.05667 1385.0 120 440
-477.236 -453.37418 1374.0 120 430
-39.3876 -393.876 1134.0 300 440
-19.641699 -392.834 1131.0 310 440
-20.162699 -383.09128 1161.0 310 430
-20.162699 -383.09128 1161.0 310 430
-19.641699 -392.834 1131.0 310 440
0.0 -379.46164 1150.0 320 430
-19.641699 -392.834 1131.0 310 440
0.0 -393.876 1134.0 320 440
0.0 -379.46164 1150.0 320 430
0.0 -379.46164 1150.0 320 430
0.0 -393.876 1134.0 320 440
20.023766 -380.45154 1153.0 330 430
0.0 -393.876 1134.0 320 440
19.971666 -399.43335 1150.0 330 440
20.023766 -380.45154 1153.0 330 430
20.023766 -380.45154 1153.0 330 430
19.971666 -399.43335 1150.0 330 440
40.603268 -385.73102 1169.0 340 430
19.971666 -399.43335 1150.0 330 440
40.464333 -404.64334 1165.0 340 440
40.603268 -385.73102 1169.0 340 430
40.603268 -385.73102 1169.0 340 430
40.464333 -404.64334 1165.0 340 440
60.0713 -380.45154 1153.0 350 430
40.464333 -404.64334 1165.0 340 440
59.7066 -398.044 1146.0 350 440
60.0713 -380.45154 1153.0 350 430
60.0713 -380.45154 1153.0 350 430
59.7066 -398.044 1146.0 350 440
78.01106 -370.55255 1123.0 360 430
59.7066 -398.044 1146.0 350 440
77.524796 -387.62402 1116.0 360 440
78.01106 -370.55255 1123.0 360 430
78.01106 -370.55255 1123.0 360 430
77.524796 -387.62402 1116.0 360 440
95.95083 -364.61313 1105.0 370 430
77.524796 -387.62402 1116.0 360 440
95.0825 -380.33002 1095.0 370 440
95.95083 -364.61313 1105.0 370 430
95.95083 -364.61313 1105.0 370 430
95.0825 -380.33002 1095.0 370 440
113.6822 -359.99362 1091.0 380 430
95.0825 -380.33002 1095.0 370 440
113.6822 -378.94067 1091.0 380 440
113.6822 -359.99362 1091.0 380 430
113.6822 -359.99362 1091.0 380 430
113.6822 -378.94067 1091.0 380 440
129.34692 -351.0845 1064.0 390 430
113.6822 -378.94067 1091.0 380 440
128.25284 -366.43668 1055.0 390 440
129.34692 -351.0845 1064.0 390 430
129.34692 -351.0845 1064.0 390 430
128.25284 -366.43668 1055.0 390 440
145.18533 -344.81516 1045.0 400 430
128.25284 -366.43668 1055.0 390 440
143.51813 -358.79535 1033.0 400 440
145.18533 -344.81516 1045.0 400 430
145.18533 -344.81516 1045.0 400 430
143.51813 -358.79535 1033.0 400 440
160.989 -339.86563 1030.0 410 430
143.51813 -358.79535 1033.0 400 440
158.0193 -351.15402 1011.0 410 440
160.989 -339.86563 1030.0 410 430
160.989 -339.86563 1030.0 410 430
158.0193 -351.15402 1011.0 410 440
175.577 -333.59628 1011.0 420 430
158.0193 -351.15402 1011.0 410 440
173.14566 -346.29135 997.0 420 440
175.577 -333.59628 1011.0 420 430
175.577 -333.59628 1011.0 420 430
173.14566 -346.29135 997.0 420 440
191.03333 -329.96664 1000.0 430 430
173.14566 -346.29135 997.0 420 440
189.88713 -345.24933 994.0 430 440
191.03333 -329.96664 1000.0 430 430
191.03333 -329.96664 1000.0 430 430
189.88713 -345.24933 994.0 430 440
205.274 -325.01715 985.0 440 430
189.88713 -345.24933 994.0 430 440
203.6068 -339.34467 977.0 440 440
205.274 -325.01715 985.0 440 430
205.274 -325.01715 985.0 440 430
203.6068 -339.34467 977.0 440 440
219.89673 -321.3875 974.0 450 430
203.6068 -339.34467 977.0 440 440
219.44519 -337.608 972.0 450 440
219.89673 -321.3875 974.0 450 430
219.89673 -321.3875 974.0 450 430
219.44519 -337.608 972.0 450 440
236.32559 -320.72757 972.0 460 430
219.44519 -337.608 972.0 450 440
236.32559 -337.608 972.0 460 440
236.32559 -320.72757 972.0 460 430
236.32559 -320.72757 972.0 460 430
236.32559 -337.608 972.0 460 440
250.8615 -317.75787 963.0 470 430
236.32559 -337.608 972.0 460 440
250.8615 -334.482 963.0 470 440
250.8615 -317.75787 963.0 470 430
250.8615 -317.75787 963.0 470 430
250.8615 -334.482 963.0 470 440
267.5856 -317.75787 963.0 480 430
250.8615 -334.482 963.0 470 440
267.5856 -334.482 963.0 480 440
267.5856 -317.75787 963.0 480 430
267.5856 -317.75787 963.0 480 430
267.5856 -334.482 963.0 480 440
287.55725 -321.3875 974.0 490 430
267.5856 -334.482 963.0 480 440
288.44296 -339.34467 977.0 490 440
287.55725 -321.3875 974.0 490 430
287.55725 -321.3875 974.0 490 430
288.44296 -339.34467 977.0 490 440
310.7244 -327.98685 994.0 500 430
288.44296 -339.34467 977.0 490 440
311.6622 -346.29135 997.0 500 440
310.7244 -327.98685 994.0 500 430
310.7244 -327.98685 994.0 500 430
311.6622 -346.29135 997.0 500 440
338.5458 -338.54578 1026.0 510 430
311.6622 -346.29135 997.0 500 440
339.86566 -357.75336 1030.0 510 440
338.5458 -338.54578 1026.0 510 430
297.9599 -269.58273 817.0 530 430
293.21878 -279.256 804.0 530 440
296.86578 -256.3841 777.0 540 430
293.21878 -279.256 804.0 530 440
294.1913 -267.4467 770.0 540 440
296.86578 -256.3841 777.0 540 430
-643.956 -429.30402 1236.0 20 440
-637.183 -446.0281 1223.0 20 450
-624.5053 -430.69336 1240.0 30 440
-637.183 -446.0281 1223.0 20 450
-624.5053 -452.228 1240.0 30 450
-624.5053 -430.69336 1240.0 30 440
-630.2016 -450.144 1296.0 40 440
-630.2016 -472.65118 1296.0 40 450
-605.3499 -448.40735 1291.0 50 440
-630.2016 -472.65118 1296.0 40 450
-603.4743 -469.3689 1287.0 50 450
-605.3499 -448.40735 1291.0 50 440
-605.3499 -448.40735 1291.0 50 440
-603.4743 -469.3689 1287.0 50 450
-594.21783 -457.09067 1316.0 60 440
-603.4743 -469.3689 1287.0 50 450
-596.4755 -481.76868 1321.0 60 450
-594.21783 -457.09067 1316.0 60 440
-594.21783 -457.09067 1316.0 60 440
-596.4755 -481.76868 1321.0 60 450
-580.04663 -464.03735 1336.0 70 440
-596.4755 -481.76868 1321.0 60 450
-575.705 -483.5922 1326.0 70 450
-580.04663 -464.03735 1336.0 70 440
-580.04663 -464.03735 1336.0 70 440
-575.705 -483.5922 1326.0 70 450
-559.3456 -466.12134 1342.0 80 440
-575.705 -483.5922 1326.0 70 450
-559.3456 -489.4274 1342.0 80 450
-559.3456 -466.12134 1342.0 80 440
-559.3456 -466.12134 1342.0 80 440
-559.3456 -489.4274 1342.0 80 450
-546.4248 -475.152 1368.0 90 440
-559.3456 -489.4274 1342.0 80 450
-544.4276 -497.0861 1363.0 90 450
-546.4248 -475.152 1368.0 90 440
-546.4248 -475.152 1368.0 90 440
-544.4276 -497.0861 1363.0 90 450
-514.6438 -467.858 1347.0 100 440
-544.4276 -497.0861 1363.0 90 450
-512.73346 -489.4274 1342.0 100 450
-514.6438 -467.858 1347.0 100 440
-514.6438 -467.858 1347.0 100 440
-512.73346 -489.4274 1342.0 100 450
-495.2626 -471.67868 1358.0 110 440
-512.73346 -489.4274 1342.0 100 450
-493.0744 -493.0744 1352.0 110 450
-495.2626 -471.67868 1358.0 110 440
-495.2626 -471.67868 1358.0 110 440
-493.0744 -493.0744 1352.0 110 450
-481.05667 -481.05667 1385.0 120 440
-39.3876 -393.876 1134.0 300 440
-37.894066 -397.8877 1091.0 300 450
-19.641699 -392.834 1131.0 310 440
-37.894066 -397.8877 1091.0 300 450
-19.259632 -404.4523 1109.0 310 450
-19.641699 -392.834 1131.0 310 440
-19.641699 -392.834 1131.0 310 440
-19.259632 -404.4523 1109.0 310 450
0.0 -393.876 1134.0 320 440
-19.259632 -404.4523 1109.0 310 450
0.0 -409.5581 1123.0 320 450
0.0 -393.876 1134.0 320 440
0.0 -393.876 1134.0 320 440
0.0 -409.5581 1123.0 320 450
19.971666 -399.43335 1150.0 330 440
0.0 -409.5581 1123.0 320 450
19.902199 -417.9462 1146.0 330 450
19.971666 -399.43335 1150.0 330 440
19.971666 -399.43335 1150.0 330 440
19.902199 -417.9462 1146.0 330 450
40.464333 -404.64334 1165.0 340 440
19.902199 -417.9462 1146.0 330 450
40.603268 -426.3343 1169.0 340 450
40.464333 -404.64334 1165.0 340 440
40.464333 -404.64334 1165.0 340 440
40.603268 -426.3343 1169.0 340 450
59.7066 -398.044 1146.0 350 440
40.603268 -426.3343 1169.0 340 450
59.2898 -415.0286 1138.0 350 450
59.7066 -398.044 1146.0 350 440
59.7066 -398.044 1146.0 350 440
59.2898 -415.0286 1138.0 350 450
77.524796 -387.62402 1116.0 360 440
59.2898 -415.0286 1138.0 350 450
77.03853 -404.4523 1109.0 360 450
77.524796 -387.62402 1116.0 360 440
77.524796 -387.62402 1116.0 360 440
77.03853 -404.4523 1109.0 360 450
95.0825 -380.33002 1095.0 370 440
77.03853 -404.4523 1109.0 360 450
94.47466 -396.79358 1088.0 370 450
95.0825 -380.33002 1095.0 370 440
95.0825 -380.33002 1095.0 370 440
94.47466 -396.79358 1088.0 370 450
113.6822 -378.94067 1091.0 380 440
94.47466 -396.79358 1088.0 370 450
111.2856 -389.4996 1068.0 380 450
113.6822 -378.94067 1091.0 380 440
113.6822 -378.94067 1091.0 380 440
111.2856 -389.4996 1068.0 380 450
128.25284 -366.43668 1055.0 390 440
111.2856 -389.4996 1068.0 380 450
128.25284 -384.75848 1055.0 390 450
128.25284 -366.43668 1055.0 390 440
128.25284 -366.43668 1055.0 390 440
128.25284 -384.75848 1055.0 390 450
143.51813 -358.79535 1033.0 400 440
128.25284 -384.75848 1055.0 390 450
142.5456 -374.1822 1026.0 400 450
143.51813 -358.79535 1033.0 400 440
143.51813 -358.79535 1033.0 400 440
142.5456 -374.1822 1026.0 400 450
158.0193 -351.15402 1011.0 410 440
142.5456 -374.1822 1026.0 400 450
157.5504 -367.61758 1008.0 410 450
158.0193 -351.15402 1011.0 410 440
158.0193 -351.15402 1011.0 410 440
157.5504 -367.61758 1008.0 410 450
173.14566 -346.29135 997.0 420 440
157.5504 -367.61758 1008.0 410 450
172.10367 -361.4177 991.0 420 450
173.14566 -346.29135 997.0 420 440
173.14566 -346.29135 997.0 420 440
172.10367 -361.4177 991.0 420 450
189.88713 -345.24933 994.0 430 440
172.10367 -361.4177 991.0 420 450
188.16783 -359.2295 985.0 430 450
189.88713 -345.24933 994.0 430 440
189.88713 -345.24933 994.0 430 440
188.16783 -359.2295 985.0 430 450
203.6068 -339.34467 977.0 440 440
188.16783 -359.2295 985.0 430 450
203.6068 -356.3119 977.0 440 450
203.6068 -339.34467 977.0 440 440
203.6068 -339.34467 977.0 440 440
203.6068 -356.3119 977.0 440 450
219.44519 -337.608 972.0 450 440
203.6068 -356.3119 977.0 440 450
219.89673 -355.2178 974.0 450 450
219.44519 -337.608 972.0 450 440
219.44519 -337.608 972.0 450 440
219.89673 -355.2178 974.0 450 450
236.32559 -337.608 972.0 460 440
219.89673 -355.2178 974.0 450 450
236.32559 -354.4884 972.0 460 450
236.32559 -337.608 972.0 460 440
236.32559 -337.608 972.0 460 440
236.32559 -354.4884 972.0 460 450
250.8615 -334.482 963.0 470 440
236.32559 -354.4884 972.0 460 450
250.8615 -351.2061 963.0 470 450
250.8615 -334.482 963.0 470 440
250.8615 -334.482 963.0 470 440
250.8615 -351.2061 963.0 470 450
267.5856 -334.482 963.0 480 440
250.8615 -351.2061 963.0 470 450
267.5856 -351.2061 963.0 480 450
267.5856 -334.482 963.0 480 440
267.5856 -334.482 963.0 480 440
267.5856 -351.2061 963.0 480 450
288.44296 -339.34467 977.0 490 440
267.5856 -351.2061 963.0 480 450
290.80484 -359.2295 985.0 490 450
288.44296 -339.34467 977.0 490 440
288.44296 -339.34467 977.0 490 440
290.80484 -359.2295 985.0 490 450
311.6622 -346.29135 997.0 500 440
290.80484 -359.2295 985.0 490 450
313.53778 -365.7941 1003.0 500 450
311.6622 -346.29135 997.0 500 440
311.6622 -346.29135 997.0 500 440
313.53778 -365.7941 1003.0 500 450
339.86566 -357.75336 1030.0 510 440
313.53778 -365.7941 1003.0 500 450
336.56598 -371.994 1020.0 510 450
339.86566 -357.75336 1030.0 510 440
293.21878 -279.256 804.0 530 440
291.0306 -291.0306 798.0 530 450
294.1913 -267.4467 770.0 540 440
291.0306 -291.0306 798.0 530 450
309.474 -295.40698 810.0 540 450
294.1913 -267.4467 770.0 540 440
294.1913 -267.4467 770.0 540 440
309.474 -295.40698 810.0 540 450
311.55798 -270.92 780.0 550 440
309.474 -295.40698 810.0 540 450
303.96875 -277.53668 761.0 550 450
311.55798 -270.92 780.0 550 440
-596.4755 -481.76868 1321.0 60 450
-591.9602 -500.88937 1311.0 60 460
-575.705 -483.5922 1326.0 70 450
-591.9602 -500.88937 1311.0 60 460
-571.36334 -502.7997 1316.0 70 460
-575.705 -483.5922 1326.0 70 450
-575.705 -483.5922 1326.0 70 450
-571.36334 -502.7997 1316.0 70 460
-559.3456 -489.4274 1342.0 80 450
-571.36334 -502.7997 1316.0 70 460
-554.7608 -508.5307 1331.0 80 460
-559.3456 -489.4274 1342.0 80 450
-559.3456 -489.4274 1342.0 80 450
-554.7608 -508.5307 1331.0 80 460
-544.4276 -497.0861 1363.0 90 450
-554.7608 -508.5307 1331.0 80 460
-542.4305 -518.8465 1358.0 90 460
-544.4276 -497.0861 1363.0 90 450
-544.4276 -497.0861 1363.0 90 450
-542.4305 -518.8465 1358.0 90 460
-512.73346 -489.4274 1342.0 100 450
-542.4305 -518.8465 1358.0 90 460
-510.44107 -510.44104 1336.0 100 460
-512.73346 -489.4274 1342.0 100 450
-512.73346 -489.4274 1342.0 100 450
-510.44107 -510.44104 1336.0 100 460
-493.0744 -493.0744 1352.0 110 450
-510.44107 -510.44104 1336.0 100 460
-491.2509 -514.64374 1347.0 110 460
-493.0744 -493.0744 1352.0 110 450
-486.96133 -511.3094 1402.0 120 450
-484.87732 -533.36505 1396.0 120 460
-458.65366 -506.93298 1390.0 130 450
-484.87732 -533.36505 1396.0 120 460
-462.61325 -535.6574 1402.0 130 460
-458.65366 -506.93298 1390.0 130 450
-458.65366 -506.93298 1390.0 130 450
-462.61325 -535.6574 1402.0 130 460
-438.2652 -511.3094 1402.0 140 450
-462.61325 -535.6574 1402.0 130 460
-434.51398 -531.07263 1390.0 140 460
-438.2652 -511.3094 1402.0 140 450
-438.2652 -511.3094 1402.0 140 450
-434.51398 -531.07263 1390.0 140 460
-417.1647 -515.3211 1413.0 150 450
-434.51398 -531.07263 1390.0 140 460
-417.1647 -539.86017 1413.0 150 460
-417.1647 -515.3211 1413.0 150 450
-417.1647 -515.3211 1413.0 150 450
-417.1647 -539.86017 1413.0 150 460
-402.62878 -528.4503 1449.0 160 450
-417.1647 -539.86017 1413.0 150 460
-397.6272 -546.73737 1431.0 160 460
-402.62878 -528.4503 1449.0 160 450
-388.0408 -609.7784 1596.0 180 460
-350.61563 -593.3495 1553.0 190 460
-360.3236 -582.0612 1596.0 190 450
-93.86683 -413.01404 1081.0 270 460
-74.398796 -409.1934 1071.0 280 460
-75.09347 -394.2407 1081.0 280 450
-75.09347 -394.2407 1081.0 280 450
-74.398796 -409.1934 1071.0 280 460
-56.3201 -394.2407 1081.0 290 450
-74.398796 -409.1934 1071.0 280 460
-55.7991 -409.1934 1071.0 290 460
-56.3201 -394.2407 1081.0 290 450
-56.3201 -394.2407 1081.0 290 450
-55.7991 -409.1934 1071.0 290 460
-37.894066 -397.8877 1091.0 300 450
-55.7991 -409.1934 1071.0 290 460
-37.0952 -408.04718 1068.0 300 460
-37.894066 -397.8877 1091.0 300 450
-37.894066 -397.8877 1091.0 300 450
-37.0952 -408.04718 1068.0 300 460
-19.259632 -404.4523 1109.0 310 450
-37.0952 -408.04718 1068.0 300 460
-18.773367 -413.01404 1081.0 310 460
-19.259632 -404.4523 1109.0 310 450
-19.259632 -404.4523 1109.0 310 450
-18.773367 -413.01404 1081.0 310 460
0.0 -409.5581 1123.0 320 450
-18.773367 -413.01404 1081.0 310 460
0.0 -423.7119 1109.0 320 460
0.0 -409.5581 1123.0 320 450
0.0 -409.5581 1123.0 320 450
0.0 -423.7119 1109.0 320 460
19.902199 -417.9462 1146.0 330 450
0.0 -423.7119 1109.0 320 460
19.6938 -433.26358 1134.0 330 460
19.902199 -417.9462 1146.0 330 450
19.902199 -417.9462 1146.0 330 450
19.6938 -433.26358 1134.0 330 460
40.603268 -426.3343 1169.0 340 450
19.6938 -433.26358 1134.0 330 460
40.04753 -440.52283 1153.0 340 460
40.603268 -426.3343 1169.0 340 450
40.603268 -426.3343 1169.0 340 450
40.04753 -440.52283 1153.0 340 460
59.2898 -415.0286 1138.0 350 450
40.04753 -440.52283 1153.0 340 460
59.2898 -434.79184 1138.0 350 460
59.2898 -415.0286 1138.0 350 450
59.2898 -415.0286 1138.0 350 450
59.2898 -434.79184 1138.0 350 460
77.03853 -404.4523 1109.0 360 450
59.2898 -434.79184 1138.0 350 460
77.03853 -423.7119 1109.0 360 460
77.03853 -404.4523 1109.0 360 450
77.03853 -404.4523 1109.0 360 450
77.03853 -423.7119 1109.0 360 460
94.47466 -396.79358 1088.0 370 450
77.03853 -423.7119 1109.0 360 460
93.86683 -413.01404 1081.0 370 460
94.47466 -396.79358 1088.0 370 450
94.47466 -396.79358 1088.0 370 450
93.86683 -413.01404 1081.0 370 460
111.2856 -389.4996 1068.0 380 450
93.86683 -413.01404 1081.0 370 460
110.8688 -406.51892 1064.0 380 460
111.2856 -389.4996 1068.0 380 450
111.2856 -389.4996 1068.0 380 450
110.8688 -406.51892 1064.0 380 460
128.25284 -384.75848 1055.0 390 450
110.8688 -406.51892 1064.0 380 460
127.40186 -400.40585 1048.0 390 460
128.25284 -384.75848 1055.0 390 450
128.25284 -384.75848 1055.0 390 450
127.40186 -400.40585 1048.0 390 460
142.5456 -374.1822 1026.0 400 450
127.40186 -400.40585 1048.0 390 460
141.2952 -388.56177 1017.0 400 460
142.5456 -374.1822 1026.0 400 450
142.5456 -374.1822 1026.0 400 450
141.2952 -388.56177 1017.0 400 460
157.5504 -367.61758 1008.0 410 450
141.2952 -388.56177 1017.0 400 460
156.76889 -383.21283 1003.0 410 460
157.5504 -367.61758 1008.0 410 450
157.5504 -367.61758 1008.0 410 450
156.76889 -383.21283 1003.0 410 460
172.10367 -361.4177 991.0 420 450
156.76889 -383.21283 1003.0 410 460
172.10367 -378.62805 991.0 420 460
172.10367 -361.4177 991.0 420 450
172.10367 -361.4177 991.0 420 450
172.10367 -378.62805 991.0 420 460
188.16783 -359.2295 985.0 430 450
172.10367 -378.62805 991.0 420 460
188.74094 -377.48184 988.0 430 460
188.16783 -359.2295 985.0 430 450
188.16783 -359.2295 985.0 430 450
188.74094 -377.48184 988.0 430 460
203.6068 -356.3119 977.0 440 450
188.74094 -377.48184 988.0 430 460
204.232 -374.42532 980.0 440 460
203.6068 -356.3119 977.0 440 450
203.6068 -356.3119 977.0 440 450
204.232 -374.42532 980.0 440 460
219.89673 -355.2178 974.0 450 450
204.232 -374.42532 980.0 440 460
221.25133 -374.42532 980.0 450 460
219.89673 -355.2178 974.0 450 450
219.89673 -355.2178 974.0 450 450
221.25133 -374.42532 980.0 450 460
236.32559 -354.4884 972.0 460 450
221.25133 -374.42532 980.0 450 460
236.32559 -371.36877 972.0 460 460
236.32559 -354.4884 972.0 460 450
236.32559 -354.4884 972.0 460 450
236.32559 -371.36877 972.0 460 460
250.8615 -351.2061 963.0 470 450
236.32559 -371.36877 972.0 460 460
250.8615 -367.93018 963.0 470 460
250.8615 -351.2061 963.0 470 450
250.8615 -351.2061 963.0 470 450
250.8615 -367.93018 963.0 470 460
267.5856 -351.2061 963.0 480 450
250.8615 -367.93018 963.0 470 460
267.5856 -367.93018 963.0 480 460
267.5856 -351.2061 963.0 480 450
267.5856 -351.2061 963.0 480 450
267.5856 -367.93018 963.0 480 460
290.80484 -359.2295 985.0 490 450
267.5856 -367.93018 963.0 480 460
292.57623 -378.62805 991.0 490 460
290.80484 -359.2295 985.0 490 450
290.80484 -359.2295 985.0 490 450
292.57623 -378.62805 991.0 490 460
313.53778 -365.7941 1003.0 500 450
292.57623 -378.62805 991.0 490 460
312.6 -382.06665 1000.0 500 460
313.53778 -365.7941 1003.0 500 450
313.53778 -365.7941 1003.0 500 450
312.6 -382.06665 1000.0 500 460
336.56598 -371.994 1020.0 510 450
312.6 -382.06665 1000.0 500 460
333.59628 -386.26938 1011.0 510 460
336.56598 -371.994 1020.0 510 450
291.0306 -291.0306 798.0 530 450
284.466 -298.012 780.0 530 460
309.474 -295.40698 810.0 540 450
-571.36334 -502.7997 1316.0 70 460
-571.36334 -525.6543 1316.0 70 470
-554.7608 -508.5307 1331.0 80 460
-571.36334 -525.6543 1316.0 70 470
-556.8448 -533.64294 1336.0 80 470
-554.7608 -508.5307 1331.0 80 460
-554.7608 -508.5307 1331.0 80 460
-556.8448 -533.64294 1336.0 80 470
-542.4305 -518.8465 1358.0 90 460
-556.8448 -533.64294 1336.0 80 470
-540.0339 -540.0339 1352.0 90 470
-542.4305 -518.8465 1358.0 90 460
-542.4305 -518.8465 1358.0 90 460
-540.0339 -540.0339 1352.0 90 470
-510.44107 -510.44104 1336.0 100 460
-540.0339 -540.0339 1352.0 90 470
-512.73346 -536.03955 1342.0 100 470
-510.44107 -510.44104 1336.0 100 460
-510.44107 -510.44104 1336.0 100 460
-512.73346 -536.03955 1342.0 100 470
-491.2509 -514.64374 1347.0 110 460
-512.73346 -536.03955 1342.0 100 470
-493.0744 -540.0339 1352.0 110 470
-491.2509 -514.64374 1347.0 110 460
-491.2509 -514.64374 1347.0 110 460
-493.0744 -540.0339 1352.0 110 470
-484.87732 -533.36505 1396.0 120 460
-484.87732 -533.36505 1396.0 120 460
-486.96133 -560.00555 1402.0 120 470
-462.61325 -535.6574 1402.0 130 460
-486.96133 -560.00555 1402.0 120 470
-458.65366 -555.21234 1390.0 130 470
-462.61325 -535.6574 1402.0 130 460
-462.61325 -535.6574 1402.0 130 460
-458.65366 -555.21234 1390.0 130 470
-434.51398 -531.07263 1390.0 140 460
-458.65366 -555.21234 1390.0 130 470
-438.2652 -560.00555 1402.0 140 470
-434.51398 -531.07263 1390.0 140 460
-434.51398 -531.07263 1390.0 140 460
-438.2652 -560.00555 1402.0 140 470
-417.1647 -539.86017 1413.0 150 460
-438.2652 -560.00555 1402.0 140 470
-418.9361 -566.7959 1419.0 150 470
-417.1647 -539.86017 1413.0 150 460
-417.1647 -539.86017 1413.0 150 460
-418.9361 -566.7959 1419.0 150 470
-397.6272 -546.73737 1431.0 160 460
-93.86683 -413.01404 1081.0 270 460
-90.21983 -415.01123 1039.0 270 470
-74.398796 -409.1934 1071.0 280 460
-90.21983 -415.01123 1039.0 270 470
-73.495735 -422.60046 1058.0 280 470
-74.398796 -409.1934 1071.0 280 460
-74.398796 -409.1934 1071.0 280 460
-73.495735 -422.60046 1058.0 280 470
-55.7991 -409.1934 1071.0 290 460
-73.495735 -422.60046 1058.0 280 470
-55.2781 -423.79877 1061.0 290 470
-55.7991 -409.1934 1071.0 290 460
-55.7991 -409.1934 1071.0 290 460
-55.2781 -423.79877 1061.0 290 470
-37.0952 -408.04718 1068.0 300 460
-55.2781 -423.79877 1061.0 290 470
-37.199398 -427.79312 1071.0 300 470
-37.0952 -408.04718 1068.0 300 460
-37.0952 -408.04718 1068.0 300 460
-37.199398 -427.79312 1071.0 300 470
-18.773367 -413.01404 1081.0 310 460
-37.199398 -427.79312 1071.0 300 470
-18.599699 -427.79312 1071.0 310 470
-18.773367 -413.01404 1081.0 310 460
-18.773367 -413.01404 1081.0 310 460
-18.599699 -427.79312 1071.0 310 470
0.0 -423.7119 1109.0 320 460
-18.599699 -427.79312 1071.0 310 470
0.0 -442.9716 1109.0 320 470
0.0 -423.7119 1109.0 320 460
0.0 -423.7119 1109.0 320 460
0.0 -442.9716 1109.0 320 470
19.6938 -433.26358 1134.0 330 460
0.0 -442.9716 1109.0 320 470
19.971666 -459.34836 1150.0 330 470
19.6938 -433.26358 1134.0 330 460
19.6938 -433.26358 1134.0 330 460
19.971666 -459.34836 1150.0 330 470
40.04753 -440.52283 1153.0 340 460
77.03853 -423.7119 1109.0 360 460
77.802666 -447.36536 1120.0 360 470
93.86683 -413.01404 1081.0 370 460
77.802666 -447.36536 1120.0 360 470
92.9985 -427.79312 1071.0 370 470
93.86683 -413.01404 1081.0 370 460
93.86683 -413.01404 1081.0 370 460
92.9985 -427.79312 1071.0 370 470
110.8688 -406.51892 1064.0 380 460
92.9985 -427.79312 1071.0 370 470
109.6184 -420.2039 1052.0 380 470
110.8688 -406.51892 1064.0 380 460
110.8688 -406.51892 1064.0 380 460
109.6184 -420.2039 1052.0 380 470
127.40186 -400.40585 1048.0 390 460
109.6184 -420.2039 1052.0 380 470
125.94306 -413.81296 1036.0 390 470
127.40186 -400.40585 1048.0 390 460
127.40186 -400.40585 1048.0 390 460
125.94306 -413.81296 1036.0 390 470
141.2952 -388.56177 1017.0 400 460
125.94306 -413.81296 1036.0 390 470
141.2952 -406.22372 1017.0 400 470
141.2952 -388.56177 1017.0 400 460
141.2952 -388.56177 1017.0 400 460
141.2952 -406.22372 1017.0 400 470
156.76889 -383.21283 1003.0 410 460
141.2952 -406.22372 1017.0 400 470
156.76889 -400.63165 1003.0 410 470
156.76889 -383.21283 1003.0 410 460
156.76889 -383.21283 1003.0 410 460
156.76889 -400.63165 1003.0 410 470
172.10367 -378.62805 991.0 420 460
156.76889 -400.63165 1003.0 410 470
172.62466 -397.03674 994.0 420 470
172.10367 -378.62805 991.0 420 460
172.10367 -378.62805 991.0 420 460
172.62466 -397.03674 994.0 420 470
188.74094 -377.48184 988.0 430 460
172.62466 -397.03674 994.0 420 470
188.16783 -393.44183 985.0 430 470
188.74094 -377.48184 988.0 430 460
188.74094 -377.48184 988.0 430 460
188.16783 -393.44183 985.0 430 470
204.232 -374.42532 980.0 440 460
188.16783 -393.44183 985.0 430 470
205.274 -393.44183 985.0 440 470
204.232 -374.42532 980.0 440 460
204.232 -374.42532 980.0 440 460
205.274 -393.44183 985.0 440 470
221.25133 -374.42532 980.0 450 460
205.274 -393.44183 985.0 440 470
221.25133 -391.44467 980.0 450 470
221.25133 -374.42532 980.0 450 460
221.25133 -374.42532 980.0 450 460
221.25133 -391.44467 980.0 450 470
236.32559 -371.36877 972.0 460 460
221.25133 -391.44467 980.0 450 470
235.59619 -387.0509 969.0 460 470
236.32559 -371.36877 972.0 460 460
236.32559 -371.36877 972.0 460 460
235.59619 -387.0509 969.0 460 470
250.8615 -367.93018 963.0 470 460
235.59619 -387.0509 969.0 460 470
250.3405 -383.85544 961.0 470 470
250.8615 -367.93018 963.0 470 460
250.8615 -367.93018 963.0 470 460
250.3405 -383.85544 961.0 470 470
267.5856 -367.93018 963.0 480 460
250.3405 -383.85544 961.0 470 470
273.1429 -392.64297 983.0 480 470
267.5856 -367.93018 963.0 480 460
267.5856 -367.93018 963.0 480 460
273.1429 -392.64297 983.0 480 470
292.57623 -378.62805 991.0 490 460
273.1429 -392.64297 983.0 480 470
292.57623 -395.83844 991.0 490 470
292.57623 -378.62805 991.0 490 460
292.57623 -378.62805 991.0 490 460
292.57623 -395.83844 991.0 490 470
312.6 -382.06665 1000.0 500 460
292.57623 -395.83844 991.0 490 470
310.7244 -397.03674 994.0 500 470
312.6 -382.06665 1000.0 500 460
312.6 -382.06665 1000.0 500 460
310.7244 -397.03674 994.0 500 470
333.59628 -386.26938 1011.0 510 460
310.7244 -397.03674 994.0 500 470
334.58618 -405.02542 1014.0 510 470
333.59628 -386.26938 1011.0 510 460
333.59628 -386.26938 1011.0 510 460
334.58618 -405.02542 1014.0 510 470
361.92133 -398.11343 1042.0 520 460
334.58618 -405.02542 1014.0 510 470
357.75333 -411.41635 1030.0 520 470
361.92133 -398.11343 1042.0 520 460
411.41632 -393.52866 1030.0 550 460
409.8186 -409.8186 1026.0 550 470
429.304 -393.52866 1030.0 560 460
409.8186 -409.8186 1026.0 550 470
423.8856 -406.22372 1017.0 560 470
429.304 -393.52866 1030.0 560 460
429.304 -393.52866 1030.0 560 460
423.8856 -406.22372 1017.0 560 470
448.49417 -394.67484 1033.0 570 460
423.8856 -406.22372 1017.0 560 470
444.1525 -408.6203 1023.0 570 470
448.49417 -394.67484 1033.0 570 460
